  1.9124194e+002  3.4579032e+002
  1.4595161e+002  2.5811290e+002
  1.6801613e+002  1.3327419e+002
  2.6440323e+002  9.9596774e+001
  3.2479032e+002  1.2166129e+002
  3.4395161e+002  1.4895161e+002
  3.6485484e+002  1.3559677e+002
  3.1259677e+002  8.7403226e+001
  3.4917742e+002  1.6564516e+001
  3.6195161e+002  1.6564516e+001
  4.3046774e+002  6.0112903e+001
  3.9969355e+002  9.0887097e+001
  4.0956452e+002  8.5661290e+001
  4.0491935e+002  1.1004839e+002
  4.1362903e+002  1.0482258e+002
  3.3988710e+002  2.0295161e+002
  3.7414516e+002  1.7914516e+002
  3.4453226e+002  2.1979032e+002
  3.7820968e+002  1.9772581e+002
  3.2653226e+002  2.6450000e+002
  3.7879032e+002  2.3024194e+002
  3.3291935e+002  2.8366129e+002
  3.8285484e+002  2.4882258e+002
  2.0633871e+002  2.2559677e+002
  2.6788710e+002  2.3198387e+002
  1.9646774e+002  3.0630645e+002
  2.2027419e+002  3.0979032e+002
  3.2479032e+002  3.1617742e+002
  3.4104839e+002  3.2604839e+002
  4.4730645e+002  2.7030645e+002
