  1.7556452e+002  3.4985484e+002
  1.3666129e+002  2.5695161e+002
  1.6569355e+002  1.3385484e+002
  2.6730645e+002  1.0482258e+002
  3.3059677e+002  1.2630645e+002
  3.4801613e+002  1.5359677e+002
  3.6950000e+002  1.4198387e+002
  3.1840323e+002  9.3209677e+001
  3.5962903e+002  2.2951613e+001
  3.7240323e+002  2.3532258e+001
  4.3685484e+002  7.1145161e+001
  4.0840323e+002  9.9596774e+001
  4.1711290e+002  9.4951613e+001
  4.0898387e+002  1.2108065e+002
  4.1769355e+002  1.1469355e+002
  3.4104839e+002  2.0527419e+002
  3.7472581e+002  1.8669355e+002
  3.4395161e+002  2.2443548e+002
  3.7762903e+002  2.0701613e+002
  3.2537097e+002  2.6798387e+002
  3.7530645e+002  2.4011290e+002
  3.3059677e+002  2.8830645e+002
  3.7995161e+002  2.5927419e+002
  2.0401613e+002  2.2559677e+002
  2.6730645e+002  2.3256452e+002
  1.8427419e+002  3.0920968e+002
  2.0808065e+002  3.1211290e+002
  3.2014516e+002  3.1791935e+002
  3.3291935e+002  3.3011290e+002
  4.3917742e+002  2.8482258e+002
