  1.8775806e+002  3.4637097e+002
  1.4304839e+002  2.5637097e+002
  1.6743548e+002  1.3327419e+002
  2.6614516e+002  1.0075806e+002
  3.2479032e+002  1.2340323e+002
  3.4511290e+002  1.5069355e+002
  3.6717742e+002  1.3617742e+002
  3.1491935e+002  8.7403226e+001
  3.5208065e+002  1.6564516e+001
  3.6601613e+002  1.6564516e+001
  4.3162903e+002  6.2435484e+001
  4.0201613e+002  9.2629032e+001
  4.1130645e+002  8.7983871e+001
  4.0782258e+002  1.1179032e+002
  4.1479032e+002  1.0714516e+002
  3.4162903e+002  2.0237097e+002
  3.7356452e+002  1.8204839e+002
  3.4453226e+002  2.2037097e+002
  3.7820968e+002  2.0004839e+002
  3.2769355e+002  2.6508065e+002
  3.7937097e+002  2.3256452e+002
  3.3291935e+002  2.8366129e+002
  3.8169355e+002  2.5114516e+002
  2.0575806e+002  2.2559677e+002
  2.6730645e+002  2.3256452e+002
  1.9414516e+002  3.0688710e+002
  2.1679032e+002  3.0920968e+002
  3.2362903e+002  3.1675806e+002
  3.4046774e+002  3.2546774e+002
  4.4498387e+002  2.7262903e+002
