  2.0459677e+002  3.4172581e+002
  1.5233871e+002  2.5869355e+002
  1.6859677e+002  1.3211290e+002
  2.5917742e+002  9.7274194e+001
  3.1666129e+002  1.2282258e+002
  3.3524194e+002  1.4953226e+002
  3.5614516e+002  1.3211290e+002
  3.0679032e+002  8.3338710e+001
  3.3582258e+002  1.3661290e+001
  3.4801613e+002  1.3661290e+001
  4.2001613e+002  5.1983871e+001
  3.8982258e+002  8.6241935e+001
  4.0027419e+002  7.8693548e+001
  3.9562903e+002  1.0366129e+002
  4.0608065e+002  9.6693548e+001
  3.3408065e+002  2.0004839e+002
  3.7066129e+002  1.7333871e+002
  3.4104839e+002  2.1746774e+002
  3.7588710e+002  1.9075806e+002
  3.2653226e+002  2.6391935e+002
  3.7879032e+002  2.2327419e+002
  3.3291935e+002  2.8075806e+002
  3.8517742e+002  2.4243548e+002
  2.0866129e+002  2.2675806e+002
  2.6556452e+002  2.3372581e+002
  2.0517742e+002  3.0398387e+002
  2.2898387e+002  3.0746774e+002
  3.2595161e+002  3.1501613e+002
  3.4569355e+002  3.2314516e+002
  4.5253226e+002  2.5695161e+002
