  1.2795161e+002  3.6030645e+002
  1.0762903e+002  2.6043548e+002
  1.4711290e+002  1.4720968e+002
  2.5859677e+002  1.2456452e+002
  3.2943548e+002  1.4604839e+002
  3.4743548e+002  1.7159677e+002
  3.6485484e+002  1.6579032e+002
  3.1782258e+002  1.1759677e+002
  3.6775806e+002  5.2564516e+001
  3.8343548e+002  5.3145161e+001
  4.3453226e+002  1.1353226e+002
  4.0491935e+002  1.3327419e+002
  4.1362903e+002  1.3037097e+002
  4.0433871e+002  1.5243548e+002
  4.1304839e+002  1.5185484e+002
  3.3291935e+002  2.2443548e+002
  3.6137097e+002  2.1630645e+002
  3.3233871e+002  2.4475806e+002
  3.6079032e+002  2.3720968e+002
  3.0969355e+002  2.8191935e+002
  3.5324194e+002  2.6856452e+002
  3.1027419e+002  3.0166129e+002
  3.5091935e+002  2.9004839e+002
  1.8311290e+002  2.3140323e+002
  2.5453226e+002  2.4069355e+002
  1.4537097e+002  3.1733871e+002
  1.7266129e+002  3.1908065e+002
  2.9459677e+002  3.3127419e+002
  3.0737097e+002  3.4695161e+002
  4.0085484e+002  3.2720968e+002
