  1.7208065e+002  3.5159677e+002
  1.3433871e+002  2.5695161e+002
  1.6395161e+002  1.3501613e+002
  2.6614516e+002  1.0482258e+002
  3.3001613e+002  1.2746774e+002
  3.4859677e+002  1.5417742e+002
  3.6950000e+002  1.4256452e+002
  3.2014516e+002  9.4951613e+001
  3.6137097e+002  2.3532258e+001
  3.7414516e+002  2.4112903e+001
  4.3801613e+002  7.4048387e+001
  4.0666129e+002  1.0075806e+002
  4.1595161e+002  9.6693548e+001
  4.0956452e+002  1.2108065e+002
  4.1885484e+002  1.1701613e+002
  3.4162903e+002  2.0527419e+002
  3.7414516e+002  1.8785484e+002
  3.4395161e+002  2.2617742e+002
  3.7704839e+002  2.0817742e+002
  3.2479032e+002  2.6682258e+002
  3.7530645e+002  2.3953226e+002
  3.2827419e+002  2.8830645e+002
  3.7762903e+002  2.6101613e+002
  1.9995161e+002  2.2617742e+002
  2.6556452e+002  2.3256452e+002
  1.8137097e+002  3.0920968e+002
  2.0633871e+002  3.1211290e+002
  3.1724194e+002  3.1966129e+002
  3.3350000e+002  3.3243548e+002
  4.3743548e+002  2.8830645e+002
