  1.2214516e+002  3.6088710e+002
  1.0414516e+002  2.5985484e+002
  1.4537097e+002  1.4779032e+002
  2.5801613e+002  1.2572581e+002
  3.2885484e+002  1.4720968e+002
  3.4569355e+002  1.7391935e+002
  3.6485484e+002  1.6869355e+002
  3.1433871e+002  1.1759677e+002
  3.6601613e+002  5.6048387e+001
  3.8169355e+002  5.7209677e+001
  4.3162903e+002  1.1817742e+002
  4.0375806e+002  1.3733871e+002
  4.1188710e+002  1.3559677e+002
  4.0317742e+002  1.5533871e+002
  4.0898387e+002  1.5359677e+002
  3.3001613e+002  2.2443548e+002
  3.5904839e+002  2.1746774e+002
  3.2943548e+002  2.4475806e+002
  3.5846774e+002  2.3720968e+002
  3.0679032e+002  2.8133871e+002
  3.5033871e+002  2.6972581e+002
  3.0737097e+002  3.0398387e+002
  3.5091935e+002  2.9353226e+002
  1.8079032e+002  2.3372581e+002
  2.5104839e+002  2.4127419e+002
  1.4130645e+002  3.1850000e+002
  1.6975806e+002  3.2024194e+002
  2.9401613e+002  3.3011290e+002
  3.0388710e+002  3.4811290e+002
  3.9795161e+002  3.3069355e+002
