  1.5233871e+002  3.5450000e+002
  1.2330645e+002  2.5753226e+002
  1.5756452e+002  1.3966129e+002
  2.6556452e+002  1.1295161e+002
  3.3175806e+002  1.3269355e+002
  3.5150000e+002  1.6172581e+002
  3.7182258e+002  1.5185484e+002
  3.2188710e+002  1.0250000e+002
  3.6601613e+002  3.3403226e+001
  3.8053226e+002  3.3983871e+001
  4.3801613e+002  8.9145161e+001
  4.0956452e+002  1.1353226e+002
  4.1711290e+002  1.1062903e+002
  4.1072581e+002  1.3327419e+002
  4.1827419e+002  1.3153226e+002
  3.3872581e+002  2.1282258e+002
  3.7008065e+002  1.9830645e+002
  3.4104839e+002  2.3372581e+002
  3.7124194e+002  2.1804839e+002
  3.2014516e+002  2.7262903e+002
  3.6775806e+002  2.5056452e+002
  3.2188710e+002  2.9469355e+002
  3.6833871e+002  2.7379032e+002
  1.9530645e+002  2.2791935e+002
  2.6208065e+002  2.3546774e+002
  1.6627419e+002  3.1327419e+002
  1.9298387e+002  3.1501613e+002
  3.0911290e+002  3.2256452e+002
  3.2304839e+002  3.3708065e+002
  4.2408065e+002  3.0456452e+002
