  1.0472581e+002  3.6379032e+002
  9.1951613e+001  2.6217742e+002
  1.3608065e+002  1.5301613e+002
  2.4988710e+002  1.3675806e+002
  3.2362903e+002  1.5650000e+002
  3.4220968e+002  1.8204839e+002
  3.5962903e+002  1.7914516e+002
  3.0911290e+002  1.2979032e+002
  3.6195161e+002  6.8822581e+001
  3.7820968e+002  6.9403226e+001
  4.2350000e+002  1.3327419e+002
  3.9795161e+002  1.5011290e+002
  4.0317742e+002  1.4953226e+002
  3.9737097e+002  1.7043548e+002
  4.0259677e+002  1.7043548e+002
  3.2246774e+002  2.3314516e+002
  3.4975806e+002  2.2966129e+002
  3.2304839e+002  2.5404839e+002
  3.4685484e+002  2.4998387e+002
  2.9750000e+002  2.8830645e+002
  3.3640323e+002  2.8133871e+002
  2.9575806e+002  3.0862903e+002
  3.3524194e+002  3.0282258e+002
  1.7150000e+002  2.3430645e+002
  2.4466129e+002  2.4533871e+002
  1.2620968e+002  3.2198387e+002
  1.5466129e+002  3.2430645e+002
  2.8356452e+002  3.3533871e+002
  2.9111290e+002  3.5391935e+002
  3.7995161e+002  3.4753226e+002
