  1.8485484e+002  3.4753226e+002
  1.4362903e+002  2.5811290e+002
  1.6743548e+002  1.3211290e+002
  2.6672581e+002  1.0133871e+002
  3.2595161e+002  1.2456452e+002
  3.4511290e+002  1.5011290e+002
  3.6717742e+002  1.3791935e+002
  3.1608065e+002  8.8564516e+001
  3.5266129e+002  1.7725806e+001
  3.6717742e+002  1.8306452e+001
  4.3395161e+002  6.3596774e+001
  4.0259677e+002  9.3209677e+001
  4.1188710e+002  8.8564516e+001
  4.0666129e+002  1.1179032e+002
  4.1595161e+002  1.0772581e+002
  3.4046774e+002  2.0120968e+002
  3.7356452e+002  1.8146774e+002
  3.4627419e+002  2.2095161e+002
  3.7762903e+002  2.0062903e+002
  3.2711290e+002  2.6391935e+002
  3.7879032e+002  2.3314516e+002
  3.3175806e+002  2.8366129e+002
  3.8169355e+002  2.5230645e+002
  2.0575806e+002  2.2559677e+002
  2.6788710e+002  2.3314516e+002
  1.9182258e+002  3.0688710e+002
  2.1562903e+002  3.0979032e+002
  3.2362903e+002  3.1675806e+002
  3.3988710e+002  3.2779032e+002
  4.4440323e+002  2.7495161e+002
