  1.3608065e+002  3.5914516e+002
  1.1459677e+002  2.5811290e+002
  1.5059677e+002  1.4430645e+002
  2.6208065e+002  1.1933871e+002
  3.3001613e+002  1.4198387e+002
  3.4859677e+002  1.6695161e+002
  3.6833871e+002  1.6056452e+002
  3.1840323e+002  1.1295161e+002
  3.6775806e+002  4.4435484e+001
  3.8285484e+002  4.5596774e+001
  4.3685484e+002  1.0540323e+002
  4.0666129e+002  1.2746774e+002
  4.1420968e+002  1.2398387e+002
  4.0782258e+002  1.4488710e+002
  4.1420968e+002  1.4372581e+002
  3.3524194e+002  2.1862903e+002
  3.6601613e+002  2.0875806e+002
  3.3582258e+002  2.4127419e+002
  3.6311290e+002  2.2908065e+002
  3.1375806e+002  2.7553226e+002
  3.5904839e+002  2.6101613e+002
  3.1491935e+002  2.9759677e+002
  3.5672581e+002  2.8424194e+002
  1.8717742e+002  2.3082258e+002
  2.5743548e+002  2.4011290e+002
  1.5233871e+002  3.1559677e+002
  1.8079032e+002  3.1791935e+002
  3.0040323e+002  3.2720968e+002
  3.1201613e+002  3.4520968e+002
  4.0956452e+002  3.1966129e+002
