  1.5466129e+002  3.5391935e+002
  1.2504839e+002  2.5811290e+002
  1.5872581e+002  1.3908065e+002
  2.6672581e+002  1.1237097e+002
  3.3175806e+002  1.3385484e+002
  3.4975806e+002  1.5940323e+002
  3.7124194e+002  1.5069355e+002
  3.1956452e+002  1.0133871e+002
  3.6543548e+002  3.4564516e+001
  3.8053226e+002  3.4564516e+001
  4.3859677e+002  8.8564516e+001
  4.0898387e+002  1.1179032e+002
  4.1711290e+002  1.0888710e+002
  4.1014516e+002  1.3385484e+002
  4.1769355e+002  1.3037097e+002
  3.3756452e+002  2.1224194e+002
  3.7182258e+002  1.9714516e+002
  3.3872581e+002  2.3372581e+002
  3.7414516e+002  2.1979032e+002
  3.2130645e+002  2.7204839e+002
  3.6950000e+002  2.5114516e+002
  3.2188710e+002  2.9353226e+002
  3.6950000e+002  2.7262903e+002
  1.9588710e+002  2.2850000e+002
  2.6266129e+002  2.3546774e+002
  1.6743548e+002  3.1211290e+002
  1.9414516e+002  3.1501613e+002
  3.1085484e+002  3.2314516e+002
  3.2479032e+002  3.3708065e+002
  4.2350000e+002  3.0282258e+002
