  1.9588710e+002  3.4288710e+002
  1.4769355e+002  2.5869355e+002
  1.6975806e+002  1.3211290e+002
  2.6266129e+002  9.9596774e+001
  3.2072581e+002  1.2224194e+002
  3.3872581e+002  1.5069355e+002
  3.6253226e+002  1.3269355e+002
  3.1259677e+002  8.5080645e+001
  3.4395161e+002  1.3661290e+001
  3.5672581e+002  1.3661290e+001
  4.2582258e+002  5.6048387e+001
  3.9620968e+002  8.7983871e+001
  4.0666129e+002  8.2177419e+001
  4.0085484e+002  1.0598387e+002
  4.1072581e+002  1.0133871e+002
  3.3814516e+002  2.0120968e+002
  3.7240323e+002  1.7798387e+002
  3.4395161e+002  2.1920968e+002
  3.7879032e+002  1.9482258e+002
  3.2537097e+002  2.6333871e+002
  3.7937097e+002  2.2791935e+002
  3.3291935e+002  2.8191935e+002
  3.8459677e+002  2.4591935e+002
  2.0750000e+002  2.2501613e+002
  2.6788710e+002  2.3430645e+002
  1.9995161e+002  3.0572581e+002
  2.2375806e+002  3.0862903e+002
  3.2537097e+002  3.1443548e+002
  3.4395161e+002  3.2488710e+002
  4.4962903e+002  2.6508065e+002
