  2.0691935e+002  3.4056452e+002
  1.5408065e+002  2.5753226e+002
  1.6801613e+002  1.3211290e+002
  2.5685484e+002  9.8435484e+001
  3.1433871e+002  1.2224194e+002
  3.3059677e+002  1.5011290e+002
  3.5382258e+002  1.3211290e+002
  3.0330645e+002  8.2758065e+001
  3.3117742e+002  1.1919355e+001
  3.4395161e+002  1.2500000e+001
  4.1653226e+002  4.9661290e+001
  3.8750000e+002  8.3919355e+001
  3.9679032e+002  7.7532258e+001
  3.9388710e+002  1.0133871e+002
  4.0259677e+002  9.4370968e+001
  3.3350000e+002  1.9888710e+002
  3.6833871e+002  1.7333871e+002
  3.4046774e+002  2.1630645e+002
  3.7472581e+002  1.8959677e+002
  3.2479032e+002  2.6333871e+002
  3.7762903e+002  2.2327419e+002
  3.3233871e+002  2.8250000e+002
  3.8459677e+002  2.4011290e+002
  2.0808065e+002  2.2733871e+002
  2.6498387e+002  2.3430645e+002
  2.0691935e+002  3.0282258e+002
  2.2956452e+002  3.0572581e+002
  3.2653226e+002  3.1501613e+002
  3.4685484e+002  3.2198387e+002
  4.5253226e+002  2.5462903e+002
