  1.5698387e+002  3.5391935e+002
  1.2620968e+002  2.5927419e+002
  1.5930645e+002  1.3791935e+002
  2.6672581e+002  1.1295161e+002
  3.3233871e+002  1.3211290e+002
  3.5033871e+002  1.6056452e+002
  3.7008065e+002  1.4953226e+002
  3.2014516e+002  1.0191935e+002
  3.6543548e+002  3.3403226e+001
  3.7937097e+002  3.3403226e+001
  4.3917742e+002  8.7403226e+001
  4.0956452e+002  1.1295161e+002
  4.1827419e+002  1.0772581e+002
  4.1130645e+002  1.3269355e+002
  4.1885484e+002  1.2979032e+002
  3.3930645e+002  2.1224194e+002
  3.7182258e+002  1.9714516e+002
  3.4046774e+002  2.3198387e+002
  3.7240323e+002  2.1746774e+002
  3.2188710e+002  2.7262903e+002
  3.6950000e+002  2.4998387e+002
  3.2420968e+002  2.9237097e+002
  3.6891935e+002  2.7146774e+002
  1.9530645e+002  2.2791935e+002
  2.6208065e+002  2.3604839e+002
  1.6859677e+002  3.1211290e+002
  1.9588710e+002  3.1443548e+002
  3.1085484e+002  3.2256452e+002
  3.2653226e+002  3.3766129e+002
  4.2582258e+002  3.0224194e+002
