  1.4943548e+002  3.5624194e+002
  1.2156452e+002  2.5753226e+002
  1.5814516e+002  1.4024194e+002
  2.6556452e+002  1.1295161e+002
  3.3233871e+002  1.3501613e+002
  3.4917742e+002  1.6056452e+002
  3.7008065e+002  1.5243548e+002
  3.2014516e+002  1.0540323e+002
  3.6601613e+002  3.6887097e+001
  3.8227419e+002  3.8629032e+001
  4.3917742e+002  9.3209677e+001
  4.1014516e+002  1.1701613e+002
  4.1653226e+002  1.1295161e+002
  4.0956452e+002  1.3559677e+002
  4.1595161e+002  1.3385484e+002
  3.3698387e+002  2.1340323e+002
  3.6891935e+002  2.0004839e+002
  3.3930645e+002  2.3430645e+002
  3.6891935e+002  2.2211290e+002
  3.1782258e+002  2.7262903e+002
  3.6601613e+002  2.5404839e+002
  3.1956452e+002  2.9353226e+002
  3.6659677e+002  2.7495161e+002
  1.9356452e+002  2.2850000e+002
  2.6091935e+002  2.3720968e+002
  1.6395161e+002  3.1269355e+002
  1.9008065e+002  3.1559677e+002
  3.0853226e+002  3.2430645e+002
  3.2130645e+002  3.3998387e+002
  4.2175806e+002  3.0746774e+002
