  1.5872581e+002  3.5333871e+002
  1.2679032e+002  2.5695161e+002
  1.5988710e+002  1.3791935e+002
  2.6672581e+002  1.1062903e+002
  3.3175806e+002  1.3153226e+002
  3.5091935e+002  1.5650000e+002
  3.7124194e+002  1.4837097e+002
  3.2188710e+002  1.0017742e+002
  3.6427419e+002  3.1661290e+001
  3.7820968e+002  3.1661290e+001
  4.3975806e+002  8.3919355e+001
  4.0898387e+002  1.1004839e+002
  4.1711290e+002  1.0540323e+002
  4.1072581e+002  1.2920968e+002
  4.1885484e+002  1.2630645e+002
  3.4104839e+002  2.1050000e+002
  3.7298387e+002  1.9424194e+002
  3.4162903e+002  2.3082258e+002
  3.7356452e+002  2.1630645e+002
  3.2130645e+002  2.7030645e+002
  3.7066129e+002  2.4650000e+002
  3.2420968e+002  2.9295161e+002
  3.7240323e+002  2.6856452e+002
  1.9762903e+002  2.2733871e+002
  2.6324194e+002  2.3488710e+002
  1.7091935e+002  3.1153226e+002
  1.9820968e+002  3.1443548e+002
  3.1201613e+002  3.2256452e+002
  3.2653226e+002  3.3650000e+002
  4.2872581e+002  2.9817742e+002
