  1.9530645e+002  3.4462903e+002
  1.4827419e+002  2.5869355e+002
  1.6917742e+002  1.3153226e+002
  2.6324194e+002  9.9016129e+001
  3.2246774e+002  1.2166129e+002
  3.3988710e+002  1.5011290e+002
  3.6195161e+002  1.3385484e+002
  3.1433871e+002  8.5080645e+001
  3.4569355e+002  1.3080645e+001
  3.5904839e+002  1.4241935e+001
  4.2814516e+002  5.7209677e+001
  3.9737097e+002  8.9145161e+001
  4.0724194e+002  8.2758065e+001
  4.0201613e+002  1.0714516e+002
  4.1130645e+002  1.0075806e+002
  3.3814516e+002  2.0004839e+002
  3.7298387e+002  1.7740323e+002
  3.4395161e+002  2.1746774e+002
  3.7879032e+002  1.9540323e+002
  3.2653226e+002  2.6391935e+002
  3.8053226e+002  2.2675806e+002
  3.3291935e+002  2.8133871e+002
  3.8401613e+002  2.4766129e+002
  2.0691935e+002  2.2559677e+002
  2.6788710e+002  2.3256452e+002
  1.9879032e+002  3.0514516e+002
  2.2201613e+002  3.0862903e+002
  3.2537097e+002  3.1443548e+002
  3.4279032e+002  3.2430645e+002
  4.4904839e+002  2.6682258e+002
