  8.9048387e+001  3.6611290e+002
  8.0338710e+001  2.6275806e+002
  1.2562903e+002  1.5882258e+002
  2.4233871e+002  1.4546774e+002
  3.1491935e+002  1.6637097e+002
  3.3466129e+002  1.9133871e+002
  3.5208065e+002  1.9017742e+002
  3.0272581e+002  1.4024194e+002
  3.5730645e+002  8.1016129e+001
  3.7298387e+002  8.3919355e+001
  4.1885484e+002  1.5069355e+002
  3.8982258e+002  1.6520968e+002
  3.9504839e+002  1.6346774e+002
  3.8750000e+002  1.8495161e+002
  3.9388710e+002  1.8553226e+002
  3.1375806e+002  2.4243548e+002
  3.3814516e+002  2.3895161e+002
  3.1317742e+002  2.6159677e+002
  3.3698387e+002  2.6101613e+002
  2.8995161e+002  2.9585484e+002
  3.2711290e+002  2.9237097e+002
  2.8820968e+002  3.1559677e+002
  3.2246774e+002  3.1327419e+002
  1.6279032e+002  2.3837097e+002
  2.3595161e+002  2.4940323e+002
  1.1459677e+002  3.2314516e+002
  1.4188710e+002  3.2779032e+002
  2.7195161e+002  3.4056452e+002
  2.7891935e+002  3.6146774e+002
  3.6659677e+002  3.5972581e+002
