  1.5233871e+002  3.5566129e+002
  1.2330645e+002  2.5753226e+002
  1.5756452e+002  1.4082258e+002
  2.6556452e+002  1.1353226e+002
  3.3291935e+002  1.3501613e+002
  3.4917742e+002  1.5998387e+002
  3.7008065e+002  1.5243548e+002
  3.1956452e+002  1.0250000e+002
  3.6543548e+002  3.5145161e+001
  3.8053226e+002  3.6306452e+001
  4.3859677e+002  8.9145161e+001
  4.0898387e+002  1.1411290e+002
  4.1537097e+002  1.1179032e+002
  4.1072581e+002  1.3443548e+002
  4.1711290e+002  1.3153226e+002
  3.3930645e+002  2.1340323e+002
  3.7008065e+002  2.0004839e+002
  3.4279032e+002  2.3140323e+002
  3.7066129e+002  2.2037097e+002
  3.2130645e+002  2.7320968e+002
  3.6659677e+002  2.5172581e+002
  3.2130645e+002  2.9295161e+002
  3.6659677e+002  2.7262903e+002
  1.9472581e+002  2.2966129e+002
  2.6150000e+002  2.3604839e+002
  1.6627419e+002  3.1153226e+002
  1.9182258e+002  3.1559677e+002
  3.0911290e+002  3.2372581e+002
  3.2304839e+002  3.3708065e+002
  4.2233871e+002  3.0572581e+002
