  1.0937097e+002  3.6379032e+002
  9.4274194e+001  2.5985484e+002
  1.3782258e+002  1.5301613e+002
  2.5162903e+002  1.3385484e+002
  3.2420968e+002  1.5475806e+002
  3.4220968e+002  1.8088710e+002
  3.6020968e+002  1.7624194e+002
  3.1259677e+002  1.2804839e+002
  3.6311290e+002  6.7661290e+001
  3.7937097e+002  6.7661290e+001
  4.2524194e+002  1.3153226e+002
  3.9911290e+002  1.4779032e+002
  4.0491935e+002  1.4662903e+002
  3.9911290e+002  1.6579032e+002
  4.0317742e+002  1.6520968e+002
  3.2420968e+002  2.3198387e+002
  3.5033871e+002  2.2675806e+002
  3.2362903e+002  2.5230645e+002
  3.5033871e+002  2.4766129e+002
  3.0156452e+002  2.8714516e+002
  3.4104839e+002  2.7901613e+002
  2.9924194e+002  3.0746774e+002
  3.3872581e+002  3.0050000e+002
  1.7324194e+002  2.3546774e+002
  2.4582258e+002  2.4359677e+002
  1.2969355e+002  3.1850000e+002
  1.5814516e+002  3.2372581e+002
  2.8414516e+002  3.3359677e+002
  2.9343548e+002  3.5333871e+002
  3.8459677e+002  3.4288710e+002
