  1.1343548e+002  3.6204839e+002
  9.8338710e+001  2.5927419e+002
  1.4014516e+002  1.5011290e+002
  2.5511290e+002  1.3095161e+002
  3.2595161e+002  1.5127419e+002
  3.4395161e+002  1.7624194e+002
  3.6137097e+002  1.7333871e+002
  3.1317742e+002  1.2514516e+002
  3.6543548e+002  6.1854839e+001
  3.7995161e+002  6.3016129e+001
  4.2814516e+002  1.2398387e+002
  4.0027419e+002  1.4314516e+002
  4.0782258e+002  1.4082258e+002
  4.0027419e+002  1.6230645e+002
  4.0608065e+002  1.6172581e+002
  3.2595161e+002  2.2966129e+002
  3.5440323e+002  2.2153226e+002
  3.2711290e+002  2.4940323e+002
  3.5266129e+002  2.4185484e+002
  3.0388710e+002  2.8540323e+002
  3.4453226e+002  2.7495161e+002
  3.0388710e+002  3.0572581e+002
  3.4337097e+002  2.9643548e+002
  1.7730645e+002  2.3372581e+002
  2.4756452e+002  2.4243548e+002
  1.3433871e+002  3.1850000e+002
  1.6104839e+002  3.2082258e+002
  2.8879032e+002  3.3301613e+002
  2.9750000e+002  3.5101613e+002
  3.9040323e+002  3.3708065e+002
