  1.7091935e+002  3.5101613e+002
  1.3491935e+002  2.5753226e+002
  1.6453226e+002  1.3617742e+002
  2.6730645e+002  1.0482258e+002
  3.3117742e+002  1.2746774e+002
  3.4801613e+002  1.5533871e+002
  3.7066129e+002  1.4256452e+002
  3.2130645e+002  9.4951613e+001
  3.6137097e+002  2.3532258e+001
  3.7472581e+002  2.4693548e+001
  4.3801613e+002  7.5209677e+001
  4.0782258e+002  1.0250000e+002
  4.1653226e+002  9.7274194e+001
  4.1130645e+002  1.2282258e+002
  4.1885484e+002  1.1759677e+002
  3.4220968e+002  2.0643548e+002
  3.7414516e+002  1.8843548e+002
  3.4395161e+002  2.2675806e+002
  3.7762903e+002  2.1050000e+002
  3.2537097e+002  2.6798387e+002
  3.7472581e+002  2.4127419e+002
  3.2885484e+002  2.8888710e+002
  3.7762903e+002  2.6333871e+002
  2.0169355e+002  2.2617742e+002
  2.6614516e+002  2.3198387e+002
  1.8079032e+002  3.0979032e+002
  2.0633871e+002  3.1269355e+002
  3.1898387e+002  3.1908065e+002
  3.3350000e+002  3.3127419e+002
  4.3569355e+002  2.8888710e+002
