  1.3201613e+002  3.6088710e+002
  1.1053226e+002  2.5869355e+002
  1.4885484e+002  1.4604839e+002
  2.6033871e+002  1.2224194e+002
  3.3059677e+002  1.4314516e+002
  3.4859677e+002  1.6927419e+002
  3.6950000e+002  1.6230645e+002
  3.1840323e+002  1.1469355e+002
  3.6775806e+002  4.9080645e+001
  3.8227419e+002  4.9080645e+001
  4.3685484e+002  1.0888710e+002
  4.0782258e+002  1.2979032e+002
  4.1304839e+002  1.2688710e+002
  4.0782258e+002  1.5069355e+002
  4.1362903e+002  1.4720968e+002
  3.3233871e+002  2.2095161e+002
  3.6311290e+002  2.1166129e+002
  3.3350000e+002  2.4185484e+002
  3.6253226e+002  2.3256452e+002
  3.1085484e+002  2.7843548e+002
  3.5614516e+002  2.6450000e+002
  3.1317742e+002  3.0166129e+002
  3.5556452e+002  2.8656452e+002
  1.8543548e+002  2.3024194e+002
  2.5511290e+002  2.3953226e+002
  1.4943548e+002  3.1617742e+002
  1.7672581e+002  3.1966129e+002
  2.9924194e+002  3.2837097e+002
  3.1085484e+002  3.4520968e+002
  4.0550000e+002  3.2372581e+002
