  1.4246774e+002  3.5798387e+002
  1.1691935e+002  2.5811290e+002
  1.5466129e+002  1.4198387e+002
  2.6440323e+002  1.1701613e+002
  3.3291935e+002  1.3791935e+002
  3.5033871e+002  1.6520968e+002
  3.6833871e+002  1.5591935e+002
  3.2130645e+002  1.0772581e+002
  3.6717742e+002  4.0951613e+001
  3.8169355e+002  4.2693548e+001
  4.3685484e+002  9.9016129e+001
  4.0724194e+002  1.2108065e+002
  4.1537097e+002  1.1875806e+002
  4.0782258e+002  1.4314516e+002
  4.1595161e+002  1.4024194e+002
  3.3640323e+002  2.1572581e+002
  3.6775806e+002  2.0527419e+002
  3.3698387e+002  2.3720968e+002
  3.6891935e+002  2.2559677e+002
  3.1433871e+002  2.7495161e+002
  3.6253226e+002  2.5753226e+002
  3.1782258e+002  2.9527419e+002
  3.6137097e+002  2.7901613e+002
  1.8950000e+002  2.2908065e+002
  2.5859677e+002  2.3720968e+002
  1.5814516e+002  3.1501613e+002
  1.8253226e+002  3.1733871e+002
  3.0446774e+002  3.2662903e+002
  3.1782258e+002  3.4230645e+002
  4.1595161e+002  3.1501613e+002
