  1.4362903e+002  3.5740323e+002
  1.1750000e+002  2.5811290e+002
  1.5466129e+002  1.4140323e+002
  2.6440323e+002  1.1643548e+002
  3.3291935e+002  1.3791935e+002
  3.4975806e+002  1.6404839e+002
  3.6891935e+002  1.5591935e+002
  3.2072581e+002  1.0830645e+002
  3.6717742e+002  4.1532258e+001
  3.8169355e+002  4.1532258e+001
  4.3801613e+002  9.7274194e+001
  4.0840323e+002  1.2050000e+002
  4.1479032e+002  1.1817742e+002
  4.0840323e+002  1.4140323e+002
  4.1537097e+002  1.3908065e+002
  3.3640323e+002  2.1630645e+002
  3.6659677e+002  2.0469355e+002
  3.3814516e+002  2.3720968e+002
  3.6717742e+002  2.2675806e+002
  3.1666129e+002  2.7553226e+002
  3.6253226e+002  2.5869355e+002
  3.1840323e+002  2.9701613e+002
  3.6253226e+002  2.7843548e+002
  1.9008065e+002  2.2966129e+002
  2.5859677e+002  2.3662903e+002
  1.5872581e+002  3.1501613e+002
  1.8485484e+002  3.1617742e+002
  3.0504839e+002  3.2546774e+002
  3.1782258e+002  3.4056452e+002
  4.1537097e+002  3.1327419e+002
