  1.3724194e+002  3.5798387e+002
  1.1343548e+002  2.5753226e+002
  1.5291935e+002  1.4314516e+002
  2.6208065e+002  1.1817742e+002
  3.3001613e+002  1.3966129e+002
  3.5033871e+002  1.6637097e+002
  3.6833871e+002  1.5882258e+002
  3.2014516e+002  1.1179032e+002
  3.6775806e+002  4.5016129e+001
  3.8227419e+002  4.5016129e+001
  4.3627419e+002  1.0250000e+002
  4.0724194e+002  1.2514516e+002
  4.1479032e+002  1.2340323e+002
  4.0956452e+002  1.4604839e+002
  4.1711290e+002  1.4488710e+002
  3.3291935e+002  2.1746774e+002
  3.6659677e+002  2.0817742e+002
  3.3698387e+002  2.4127419e+002
  3.6659677e+002  2.2966129e+002
  3.1317742e+002  2.7727419e+002
  3.5846774e+002  2.5985484e+002
  3.1375806e+002  2.9817742e+002
  3.5962903e+002  2.8250000e+002
  1.8775806e+002  2.3024194e+002
  2.5801613e+002  2.3837097e+002
  1.5408065e+002  3.1501613e+002
  1.8079032e+002  3.1908065e+002
  3.0214516e+002  3.2779032e+002
  3.1317742e+002  3.4404839e+002
  4.1188710e+002  3.1908065e+002
