  1.6685484e+002  3.5217742e+002
  1.3143548e+002  2.5753226e+002
  1.6395161e+002  1.3617742e+002
  2.6672581e+002  1.0656452e+002
  3.3117742e+002  1.2804839e+002
  3.5033871e+002  1.5591935e+002
  3.7008065e+002  1.4430645e+002
  3.2188710e+002  9.4370968e+001
  3.6079032e+002  2.5854839e+001
  3.7588710e+002  2.5854839e+001
  4.4091935e+002  7.8112903e+001
  4.0840323e+002  1.0540323e+002
  4.1595161e+002  1.0133871e+002
  4.1130645e+002  1.2398387e+002
  4.1885484e+002  1.1991935e+002
  3.4104839e+002  2.0933871e+002
  3.7298387e+002  1.9075806e+002
  3.4279032e+002  2.2675806e+002
  3.7530645e+002  2.0991935e+002
  3.2246774e+002  2.6914516e+002
  3.7356452e+002  2.4301613e+002
  3.2653226e+002  2.8830645e+002
  3.7530645e+002  2.6391935e+002
  2.0053226e+002  2.2733871e+002
  2.6556452e+002  2.3372581e+002
  1.7788710e+002  3.1037097e+002
  2.0343548e+002  3.1211290e+002
  3.1550000e+002  3.1908065e+002
  3.3175806e+002  3.3417742e+002
  4.3511290e+002  2.9120968e+002
