  1.7440323e+002  3.5043548e+002
  1.3550000e+002  2.5811290e+002
  1.6569355e+002  1.3559677e+002
  2.6730645e+002  1.0366129e+002
  3.3059677e+002  1.2688710e+002
  3.5091935e+002  1.5359677e+002
  3.6950000e+002  1.4256452e+002
  3.2014516e+002  9.3790323e+001
  3.5962903e+002  2.2951613e+001
  3.7356452e+002  2.3532258e+001
  4.3569355e+002  7.1145161e+001
  4.0782258e+002  1.0075806e+002
  4.1595161e+002  9.5532258e+001
  4.0956452e+002  1.1991935e+002
  4.1885484e+002  1.1585484e+002
  3.4162903e+002  2.0469355e+002
  3.7530645e+002  1.8727419e+002
  3.4395161e+002  2.2733871e+002
  3.7820968e+002  2.0643548e+002
  3.2479032e+002  2.6740323e+002
  3.7588710e+002  2.3953226e+002
  3.2827419e+002  2.8888710e+002
  3.7762903e+002  2.5927419e+002
  2.0227419e+002  2.2501613e+002
  2.6672581e+002  2.3256452e+002
  1.8195161e+002  3.0979032e+002
  2.0750000e+002  3.1095161e+002
  3.1666129e+002  3.1733871e+002
  3.3350000e+002  3.3069355e+002
  4.3743548e+002  2.8598387e+002
