  2.0575806e+002  3.4114516e+002
  1.5291935e+002  2.5753226e+002
  1.6801613e+002  1.3153226e+002
  2.5801613e+002  9.6693548e+001
  3.1491935e+002  1.2166129e+002
  3.3350000e+002  1.5011290e+002
  3.5498387e+002  1.3211290e+002
  3.0504839e+002  8.3919355e+001
  3.3291935e+002  1.1919355e+001
  3.4627419e+002  1.3080645e+001
  4.1769355e+002  5.0241935e+001
  3.8866129e+002  8.4500000e+001
  3.9911290e+002  7.7532258e+001
  3.9504839e+002  1.0308065e+002
  4.0433871e+002  9.6112903e+001
  3.3350000e+002  2.0004839e+002
  3.6891935e+002  1.7391935e+002
  3.4162903e+002  2.1688710e+002
  3.7530645e+002  1.8959677e+002
  3.2653226e+002  2.6391935e+002
  3.7820968e+002  2.2327419e+002
  3.3291935e+002  2.8133871e+002
  3.8459677e+002  2.4185484e+002
  2.0750000e+002  2.2675806e+002
  2.6440323e+002  2.3372581e+002
  2.0633871e+002  3.0340323e+002
  2.2782258e+002  3.0572581e+002
  3.2653226e+002  3.1385484e+002
  3.4569355e+002  3.2314516e+002
  4.5253226e+002  2.5637097e+002
