  2.0866129e+002  3.4114516e+002
  1.5408065e+002  2.5753226e+002
  1.6801613e+002  1.3211290e+002
  2.5743548e+002  9.6112903e+001
  3.1433871e+002  1.2282258e+002
  3.3001613e+002  1.5011290e+002
  3.5266129e+002  1.3211290e+002
  3.0330645e+002  8.3919355e+001
  3.3117742e+002  1.2500000e+001
  3.4279032e+002  1.2500000e+001
  4.1537097e+002  4.9661290e+001
  3.8517742e+002  8.4500000e+001
  3.9562903e+002  7.6951613e+001
  3.9330645e+002  1.0250000e+002
  4.0317742e+002  9.4951613e+001
  3.3233871e+002  1.9888710e+002
  3.6833871e+002  1.7333871e+002
  3.3988710e+002  2.1630645e+002
  3.7356452e+002  1.8959677e+002
  3.2595161e+002  2.6450000e+002
  3.7820968e+002  2.2327419e+002
  3.3291935e+002  2.8191935e+002
  3.8517742e+002  2.4069355e+002
  2.0808065e+002  2.2733871e+002
  2.6440323e+002  2.3488710e+002
  2.0750000e+002  3.0340323e+002
  2.2840323e+002  3.0630645e+002
  3.2653226e+002  3.1501613e+002
  3.4569355e+002  3.2198387e+002
  4.5137097e+002  2.5462903e+002
