  1.1808065e+002  3.6262903e+002
  1.0182258e+002  2.5927419e+002
  1.4420968e+002  1.5069355e+002
  2.5569355e+002  1.2862903e+002
  3.2885484e+002  1.5069355e+002
  3.4453226e+002  1.7508065e+002
  3.6253226e+002  1.7043548e+002
  3.1491935e+002  1.2282258e+002
  3.6717742e+002  5.7209677e+001
  3.8169355e+002  5.7790323e+001
  4.3104839e+002  1.1991935e+002
  4.0259677e+002  1.3966129e+002
  4.0898387e+002  1.3791935e+002
  4.0143548e+002  1.6056452e+002
  4.0782258e+002  1.5882258e+002
  3.2769355e+002  2.2733871e+002
  3.5614516e+002  2.2037097e+002
  3.2943548e+002  2.4708065e+002
  3.5440323e+002  2.4127419e+002
  3.0620968e+002  2.8424194e+002
  3.4801613e+002  2.7437097e+002
  3.0620968e+002  3.0456452e+002
  3.4685484e+002  2.9469355e+002
  1.7788710e+002  2.3256452e+002
  2.5162903e+002  2.4185484e+002
  1.3782258e+002  3.1791935e+002
  1.6627419e+002  3.2140323e+002
  2.9053226e+002  3.3243548e+002
  3.0040323e+002  3.4985484e+002
  3.9388710e+002  3.3475806e+002
