  8.3241935e+001  3.6611290e+002
  7.8596774e+001  2.6217742e+002
  1.2504839e+002  1.6114516e+002
  2.4059677e+002  1.4779032e+002
  3.1491935e+002  1.6811290e+002
  3.3233871e+002  1.9482258e+002
  3.4975806e+002  1.9191935e+002
  2.9982258e+002  1.4372581e+002
  3.5672581e+002  8.6241935e+001
  3.7356452e+002  8.8564516e+001
  4.1304839e+002  1.5301613e+002
  3.8808065e+002  1.6753226e+002
  3.9446774e+002  1.6753226e+002
  3.8517742e+002  1.8669355e+002
  3.9098387e+002  1.8669355e+002
  3.1201613e+002  2.4417742e+002
  3.3640323e+002  2.4301613e+002
  3.0969355e+002  2.6450000e+002
  3.3466129e+002  2.6333871e+002
  2.8704839e+002  2.9643548e+002
  3.2362903e+002  2.9585484e+002
  2.8356452e+002  3.1733871e+002
  3.2072581e+002  3.1617742e+002
  1.6104839e+002  2.4069355e+002
  2.3537097e+002  2.5056452e+002
  1.0995161e+002  3.2488710e+002
  1.3840323e+002  3.2895161e+002
  2.6962903e+002  3.4346774e+002
  2.7543548e+002  3.6320968e+002
  3.6020968e+002  3.6320968e+002
