  1.6511290e+002  3.5101613e+002
  1.3201613e+002  2.5695161e+002
  1.6162903e+002  1.3559677e+002
  2.6730645e+002  1.0946774e+002
  3.3175806e+002  1.2979032e+002
  3.5091935e+002  1.5475806e+002
  3.7182258e+002  1.4546774e+002
  3.1956452e+002  9.6112903e+001
  3.6253226e+002  2.8758065e+001
  3.7762903e+002  2.8758065e+001
  4.3975806e+002  7.8693548e+001
  4.0724194e+002  1.0540323e+002
  4.1653226e+002  1.0133871e+002
  4.1188710e+002  1.2572581e+002
  4.1885484e+002  1.2340323e+002
  3.3930645e+002  2.0933871e+002
  3.7298387e+002  1.9250000e+002
  3.4395161e+002  2.2733871e+002
  3.7472581e+002  2.1224194e+002
  3.2304839e+002  2.6972581e+002
  3.7182258e+002  2.4533871e+002
  3.2595161e+002  2.8830645e+002
  3.7356452e+002  2.6391935e+002
  1.9995161e+002  2.2617742e+002
  2.6614516e+002  2.3430645e+002
  1.7672581e+002  3.1037097e+002
  2.0169355e+002  3.1385484e+002
  3.1550000e+002  3.2140323e+002
  3.3059677e+002  3.3359677e+002
  4.3279032e+002  2.9353226e+002
