  1.4885484e+002  3.5566129e+002
  1.2156452e+002  2.5695161e+002
  1.5698387e+002  1.4024194e+002
  2.6556452e+002  1.1527419e+002
  3.3117742e+002  1.3617742e+002
  3.4859677e+002  1.6172581e+002
  3.7066129e+002  1.5301613e+002
  3.1956452e+002  1.0540323e+002
  3.6659677e+002  3.7467742e+001
  3.8053226e+002  3.8629032e+001
  4.3975806e+002  9.3209677e+001
  4.0782258e+002  1.1759677e+002
  4.1595161e+002  1.1411290e+002
  4.1014516e+002  1.3675806e+002
  4.1653226e+002  1.3443548e+002
  3.3698387e+002  2.1282258e+002
  3.6891935e+002  2.0120968e+002
  3.3872581e+002  2.3430645e+002
  3.6891935e+002  2.2095161e+002
  3.1608065e+002  2.7437097e+002
  3.6659677e+002  2.5404839e+002
  3.1956452e+002  2.9469355e+002
  3.6601613e+002  2.7553226e+002
  1.9298387e+002  2.2850000e+002
  2.6091935e+002  2.3604839e+002
  1.6279032e+002  3.1327419e+002
  1.8833871e+002  3.1617742e+002
  3.0853226e+002  3.2430645e+002
  3.2014516e+002  3.3998387e+002
  4.2001613e+002  3.0920968e+002
