  1.4188710e+002  3.5914516e+002
  1.1633871e+002  2.5753226e+002
  1.5233871e+002  1.4372581e+002
  2.6324194e+002  1.1933871e+002
  3.3059677e+002  1.3850000e+002
  3.4917742e+002  1.6520968e+002
  3.6833871e+002  1.5766129e+002
  3.2014516e+002  1.0888710e+002
  3.6659677e+002  4.2693548e+001
  3.8111290e+002  4.2693548e+001
  4.3743548e+002  1.0075806e+002
  4.0840323e+002  1.2166129e+002
  4.1479032e+002  1.1991935e+002
  4.0956452e+002  1.4372581e+002
  4.1479032e+002  1.4024194e+002
  3.3640323e+002  2.1746774e+002
  3.6601613e+002  2.0585484e+002
  3.3756452e+002  2.3779032e+002
  3.6543548e+002  2.2675806e+002
  3.1550000e+002  2.7553226e+002
  3.6195161e+002  2.5869355e+002
  3.1550000e+002  2.9817742e+002
  3.6195161e+002  2.8017742e+002
  1.9008065e+002  2.2908065e+002
  2.5801613e+002  2.3720968e+002
  1.5756452e+002  3.1501613e+002
  1.8485484e+002  3.1791935e+002
  3.0388710e+002  3.2662903e+002
  3.1608065e+002  3.4288710e+002
  4.1479032e+002  3.1617742e+002
