  1.7730645e+002  3.4811290e+002
  1.3840323e+002  2.5753226e+002
  1.6511290e+002  1.3501613e+002
  2.6730645e+002  1.0366129e+002
  3.2885484e+002  1.2514516e+002
  3.4685484e+002  1.5301613e+002
  3.7066129e+002  1.3966129e+002
  3.1898387e+002  9.2048387e+001
  3.5846774e+002  2.0629032e+001
  3.7182258e+002  2.1209677e+001
  4.3801613e+002  6.9983871e+001
  4.0724194e+002  9.7854839e+001
  4.1479032e+002  9.3790323e+001
  4.1014516e+002  1.1643548e+002
  4.1711290e+002  1.1295161e+002
  3.4162903e+002  2.0353226e+002
  3.7414516e+002  1.8495161e+002
  3.4569355e+002  2.2211290e+002
  3.7762903e+002  2.0469355e+002
  3.2595161e+002  2.6740323e+002
  3.7588710e+002  2.3720968e+002
  3.2943548e+002  2.8540323e+002
  3.7937097e+002  2.5869355e+002
  2.0401613e+002  2.2675806e+002
  2.6788710e+002  2.3314516e+002
  1.8601613e+002  3.0862903e+002
  2.1040323e+002  3.1211290e+002
  3.2014516e+002  3.1733871e+002
  3.3582258e+002  3.3069355e+002
  4.4091935e+002  2.8308065e+002
