  1.8020968e+002  3.4869355e+002
  1.3956452e+002  2.5695161e+002
  1.6685484e+002  1.3269355e+002
  2.6556452e+002  1.0424194e+002
  3.2885484e+002  1.2514516e+002
  3.4685484e+002  1.5185484e+002
  3.7008065e+002  1.3966129e+002
  3.1956452e+002  9.0887097e+001
  3.5556452e+002  1.9467742e+001
  3.7008065e+002  2.0048387e+001
  4.3453226e+002  6.7080645e+001
  4.0550000e+002  9.6693548e+001
  4.1362903e+002  9.2629032e+001
  4.0840323e+002  1.1585484e+002
  4.1769355e+002  1.1179032e+002
  3.4220968e+002  2.0353226e+002
  3.7530645e+002  1.8379032e+002
  3.4569355e+002  2.2385484e+002
  3.7762903e+002  2.0411290e+002
  3.2653226e+002  2.6624194e+002
  3.7704839e+002  2.3662903e+002
  3.3059677e+002  2.8540323e+002
  3.8111290e+002  2.5695161e+002
  2.0401613e+002  2.2617742e+002
  2.6846774e+002  2.3314516e+002
  1.8775806e+002  3.0804839e+002
  2.1156452e+002  3.0979032e+002
  3.2014516e+002  3.1675806e+002
  3.3698387e+002  3.2895161e+002
  4.4266129e+002  2.7959677e+002
