  1.2040323e+002  3.6146774e+002
  1.0298387e+002  2.5985484e+002
  1.4420968e+002  1.4895161e+002
  2.5743548e+002  1.2746774e+002
  3.2827419e+002  1.4953226e+002
  3.4685484e+002  1.7566129e+002
  3.6427419e+002  1.6869355e+002
  3.1491935e+002  1.2108065e+002
  3.6601613e+002  5.6629032e+001
  3.8169355e+002  5.7790323e+001
  4.3162903e+002  1.1933871e+002
  4.0259677e+002  1.3791935e+002
  4.0840323e+002  1.3675806e+002
  4.0201613e+002  1.5882258e+002
  4.0956452e+002  1.5766129e+002
  3.3001613e+002  2.2559677e+002
  3.5730645e+002  2.1862903e+002
  3.2943548e+002  2.4708065e+002
  3.5556452e+002  2.4011290e+002
  3.0504839e+002  2.8250000e+002
  3.4859677e+002  2.7320968e+002
  3.0737097e+002  3.0514516e+002
  3.4801613e+002  2.9469355e+002
  1.7962903e+002  2.3256452e+002
  2.4988710e+002  2.4127419e+002
  1.3840323e+002  3.1733871e+002
  1.6743548e+002  3.2082258e+002
  2.9285484e+002  3.3243548e+002
  3.0156452e+002  3.4869355e+002
  3.9562903e+002  3.3243548e+002
