  2.0517742e+002  3.4056452e+002
  1.5233871e+002  2.5695161e+002
  1.6859677e+002  1.3211290e+002
  2.5859677e+002  9.7274194e+001
  3.1550000e+002  1.2166129e+002
  3.3350000e+002  1.4953226e+002
  3.5614516e+002  1.3211290e+002
  3.0620968e+002  8.2758065e+001
  3.3408065e+002  1.3080645e+001
  3.4917742e+002  1.2500000e+001
  4.1827419e+002  5.0822581e+001
  3.8924194e+002  8.5080645e+001
  3.9969355e+002  7.8693548e+001
  3.9504839e+002  1.0366129e+002
  4.0550000e+002  9.6112903e+001
  3.3408065e+002  1.9946774e+002
  3.6950000e+002  1.7217742e+002
  3.4162903e+002  2.1746774e+002
  3.7530645e+002  1.9075806e+002
  3.2595161e+002  2.6450000e+002
  3.7879032e+002  2.2443548e+002
  3.3408065e+002  2.8133871e+002
  3.8517742e+002  2.4127419e+002
  2.0808065e+002  2.2617742e+002
  2.6556452e+002  2.3430645e+002
  2.0517742e+002  3.0456452e+002
  2.2724194e+002  3.0746774e+002
  3.2653226e+002  3.1501613e+002
  3.4569355e+002  3.2256452e+002
  4.5137097e+002  2.5811290e+002
