  1.8079032e+002  3.4869355e+002
  1.4072581e+002  2.5637097e+002
  1.6685484e+002  1.3385484e+002
  2.6672581e+002  1.0250000e+002
  3.2885484e+002  1.2456452e+002
  3.4685484e+002  1.5185484e+002
  3.6833871e+002  1.3850000e+002
  3.1782258e+002  8.9725806e+001
  3.5498387e+002  2.0048387e+001
  3.7008065e+002  1.9467742e+001
  4.3511290e+002  6.6500000e+001
  4.0491935e+002  9.4951613e+001
  4.1362903e+002  9.0306452e+001
  4.0898387e+002  1.1701613e+002
  4.1769355e+002  1.1179032e+002
  3.4104839e+002  2.0295161e+002
  3.7414516e+002  1.8262903e+002
  3.4569355e+002  2.2153226e+002
  3.7762903e+002  2.0237097e+002
  3.2711290e+002  2.6624194e+002
  3.7762903e+002  2.3488710e+002
  3.3059677e+002  2.8656452e+002
  3.8111290e+002  2.5579032e+002
  2.0459677e+002  2.2443548e+002
  2.6672581e+002  2.3140323e+002
  1.8833871e+002  3.0804839e+002
  2.1272581e+002  3.1037097e+002
  3.2188710e+002  3.1559677e+002
  3.3756452e+002  3.2779032e+002
  4.4208065e+002  2.7959677e+002
