  1.7324194e+002  3.4927419e+002
  1.3433871e+002  2.5753226e+002
  1.6337097e+002  1.3327419e+002
  2.6788710e+002  1.0482258e+002
  3.3001613e+002  1.2572581e+002
  3.4917742e+002  1.5359677e+002
  3.7182258e+002  1.4256452e+002
  3.2072581e+002  9.3209677e+001
  3.6020968e+002  2.3532258e+001
  3.7414516e+002  2.2951613e+001
  4.3627419e+002  7.2887097e+001
  4.0782258e+002  1.0191935e+002
  4.1595161e+002  9.6693548e+001
  4.1014516e+002  1.2050000e+002
  4.1885484e+002  1.1759677e+002
  3.4104839e+002  2.0643548e+002
  3.7414516e+002  1.8901613e+002
  3.4395161e+002  2.2675806e+002
  3.7646774e+002  2.0759677e+002
  3.2362903e+002  2.6798387e+002
  3.7646774e+002  2.3953226e+002
  3.2827419e+002  2.8946774e+002
  3.7879032e+002  2.6101613e+002
  2.0285484e+002  2.2675806e+002
  2.6614516e+002  2.3372581e+002
  1.8079032e+002  3.0862903e+002
  2.0691935e+002  3.1095161e+002
  3.1782258e+002  3.1850000e+002
  3.3291935e+002  3.3185484e+002
  4.3685484e+002  2.8714516e+002
