  1.7904839e+002  3.4869355e+002
  1.3898387e+002  2.5695161e+002
  1.6627419e+002  1.3559677e+002
  2.6672581e+002  1.0482258e+002
  3.2943548e+002  1.2456452e+002
  3.4743548e+002  1.5475806e+002
  3.6950000e+002  1.3908065e+002
  3.2014516e+002  8.9145161e+001
  3.5730645e+002  1.9467742e+001
  3.7124194e+002  2.0629032e+001
  4.3511290e+002  6.8822581e+001
  4.0491935e+002  9.7854839e+001
  4.1362903e+002  9.2629032e+001
  4.0840323e+002  1.1585484e+002
  4.1769355e+002  1.1237097e+002
  3.4220968e+002  2.0353226e+002
  3.7414516e+002  1.8495161e+002
  3.4453226e+002  2.2327419e+002
  3.7704839e+002  2.0353226e+002
  3.2653226e+002  2.6682258e+002
  3.7704839e+002  2.3546774e+002
  3.3059677e+002  2.8540323e+002
  3.7995161e+002  2.5695161e+002
  2.0343548e+002  2.2675806e+002
  2.6614516e+002  2.3256452e+002
  1.8659677e+002  3.0804839e+002
  2.1214516e+002  3.1037097e+002
  3.2188710e+002  3.1733871e+002
  3.3698387e+002  3.2837097e+002
  4.4208065e+002  2.8133871e+002
