  1.0008065e+002  3.6320968e+002
  8.9048387e+001  2.5985484e+002
  1.3317742e+002  1.5417742e+002
  2.4640323e+002  1.3908065e+002
  3.1956452e+002  1.5998387e+002
  3.3930645e+002  1.8437097e+002
  3.5846774e+002  1.8204839e+002
  3.0911290e+002  1.3269355e+002
  3.6195161e+002  7.2306452e+001
  3.7704839e+002  7.2887097e+001
  4.2408065e+002  1.3733871e+002
  3.9562903e+002  1.5417742e+002
  4.0201613e+002  1.5359677e+002
  3.9446774e+002  1.7391935e+002
  3.9969355e+002  1.7275806e+002
  3.2014516e+002  2.3604839e+002
  3.4569355e+002  2.3314516e+002
  3.1840323e+002  2.5637097e+002
  3.4453226e+002  2.5346774e+002
  2.9459677e+002  2.9004839e+002
  3.3408065e+002  2.8482258e+002
  2.9459677e+002  3.1095161e+002
  3.3408065e+002  3.0572581e+002
  1.7033871e+002  2.3546774e+002
  2.4117742e+002  2.4708065e+002
  1.2330645e+002  3.2314516e+002
  1.5001613e+002  3.2546774e+002
  2.8066129e+002  3.3591935e+002
  2.8762903e+002  3.5740323e+002
  3.7704839e+002  3.4927419e+002
