  7.8016129e+001  3.6611290e+002
  7.3370968e+001  2.6391935e+002
  1.1982258e+002  1.6288710e+002
  2.3769355e+002  1.5185484e+002
  3.1085484e+002  1.7217742e+002
  3.2943548e+002  1.9772581e+002
  3.4743548e+002  1.9540323e+002
  2.9866129e+002  1.4779032e+002
  3.5440323e+002  9.0306452e+001
  3.7066129e+002  9.3209677e+001
  4.1246774e+002  1.5940323e+002
  3.8401613e+002  1.7275806e+002
  3.8924194e+002  1.7275806e+002
  3.8169355e+002  1.9308065e+002
  3.8691935e+002  1.9250000e+002
  3.0911290e+002  2.4824194e+002
  3.3291935e+002  2.4591935e+002
  3.0737097e+002  2.6798387e+002
  3.2769355e+002  2.6798387e+002
  2.8298387e+002  2.9817742e+002
  3.1782258e+002  2.9875806e+002
  2.8182258e+002  3.1966129e+002
  3.1491935e+002  3.1966129e+002
  1.5698387e+002  2.4243548e+002
  2.3072581e+002  2.5346774e+002
  1.0472581e+002  3.2488710e+002
  1.3433871e+002  3.3127419e+002
  2.6614516e+002  3.4520968e+002
  2.7195161e+002  3.6553226e+002
  3.5498387e+002  3.6901613e+002
