  1.2562903e+002  3.6204839e+002
  1.0588710e+002  2.5985484e+002
  1.4653226e+002  1.4837097e+002
  2.5859677e+002  1.2572581e+002
  3.2885484e+002  1.4546774e+002
  3.4685484e+002  1.7101613e+002
  3.6543548e+002  1.6579032e+002
  3.1666129e+002  1.1875806e+002
  3.6601613e+002  5.2564516e+001
  3.8401613e+002  5.6048387e+001
  4.3453226e+002  1.1527419e+002
  4.0491935e+002  1.3443548e+002
  4.1130645e+002  1.3269355e+002
  4.0433871e+002  1.5417742e+002
  4.1014516e+002  1.5185484e+002
  3.3059677e+002  2.2501613e+002
  3.5962903e+002  2.1688710e+002
  3.3233871e+002  2.4475806e+002
  3.6020968e+002  2.3546774e+002
  3.0737097e+002  2.8075806e+002
  3.5266129e+002  2.6856452e+002
  3.1027419e+002  3.0108065e+002
  3.5033871e+002  2.9062903e+002
  1.8079032e+002  2.3082258e+002
  2.5337097e+002  2.4069355e+002
  1.4304839e+002  3.1850000e+002
  1.7150000e+002  3.2082258e+002
  2.9691935e+002  3.3127419e+002
  3.0562903e+002  3.4637097e+002
  4.0085484e+002  3.3011290e+002
