  9.6016129e+001  3.6495161e+002
  8.4983871e+001  2.6101613e+002
  1.2969355e+002  1.5650000e+002
  2.4756452e+002  1.4082258e+002
  3.2072581e+002  1.6230645e+002
  3.3814516e+002  1.8669355e+002
  3.5382258e+002  1.8437097e+002
  3.0562903e+002  1.3675806e+002
  3.5904839e+002  7.6951613e+001
  3.7530645e+002  7.8112903e+001
  4.2059677e+002  1.4314516e+002
  3.9446774e+002  1.5824194e+002
  3.9911290e+002  1.5708065e+002
  3.9272581e+002  1.7740323e+002
  3.9853226e+002  1.7798387e+002
  3.1782258e+002  2.3779032e+002
  3.4337097e+002  2.3488710e+002
  3.1666129e+002  2.5927419e+002
  3.4162903e+002  2.5637097e+002
  2.9343548e+002  2.9237097e+002
  3.3117742e+002  2.8772581e+002
  2.9227419e+002  3.1327419e+002
  3.3001613e+002  3.0979032e+002
  1.6627419e+002  2.3720968e+002
  2.3943548e+002  2.4882258e+002
  1.1924194e+002  3.2198387e+002
  1.4827419e+002  3.2546774e+002
  2.7601613e+002  3.3998387e+002
  2.8588710e+002  3.5798387e+002
  3.7240323e+002  3.5508065e+002
