  1.7904839e+002  3.4869355e+002
  1.3840323e+002  2.5753226e+002
  1.6627419e+002  1.3385484e+002
  2.6730645e+002  1.0424194e+002
  3.2885484e+002  1.2514516e+002
  3.4801613e+002  1.5243548e+002
  3.6950000e+002  1.3966129e+002
  3.1840323e+002  9.1467742e+001
  3.5730645e+002  2.0629032e+001
  3.7124194e+002  2.1209677e+001
  4.3743548e+002  6.9403226e+001
  4.0608065e+002  9.8435484e+001
  4.1537097e+002  9.2629032e+001
  4.0898387e+002  1.1701613e+002
  4.1827419e+002  1.1237097e+002
  3.4046774e+002  2.0411290e+002
  3.7530645e+002  1.8437097e+002
  3.4453226e+002  2.2269355e+002
  3.7820968e+002  2.0411290e+002
  3.2711290e+002  2.6566129e+002
  3.7762903e+002  2.3662903e+002
  3.2943548e+002  2.8540323e+002
  3.7995161e+002  2.5753226e+002
  2.0401613e+002  2.2617742e+002
  2.6672581e+002  2.3314516e+002
  1.8601613e+002  3.0862903e+002
  2.1098387e+002  3.1095161e+002
  3.2130645e+002  3.1791935e+002
  3.3582258e+002  3.3011290e+002
  4.4091935e+002  2.8250000e+002
