  9.6596774e+001  3.6437097e+002
  8.7887097e+001  2.6217742e+002
  1.3085484e+002  1.5766129e+002
  2.4640323e+002  1.4198387e+002
  3.1898387e+002  1.5940323e+002
  3.4046774e+002  1.8669355e+002
  3.5498387e+002  1.8379032e+002
  3.0620968e+002  1.3617742e+002
  3.6020968e+002  7.3467742e+001
  3.7879032e+002  7.6370968e+001
  4.1827419e+002  1.3908065e+002
  3.9446774e+002  1.5650000e+002
  4.0085484e+002  1.5591935e+002
  3.9272581e+002  1.7856452e+002
  3.9911290e+002  1.7682258e+002
  3.1840323e+002  2.3895161e+002
  3.4395161e+002  2.3372581e+002
  3.1724194e+002  2.5869355e+002
  3.4220968e+002  2.5579032e+002
  2.9401613e+002  2.9004839e+002
  3.3408065e+002  2.8714516e+002
  2.9459677e+002  3.1153226e+002
  3.3059677e+002  3.0804839e+002
  1.6801613e+002  2.3837097e+002
  2.4001613e+002  2.4824194e+002
  1.1924194e+002  3.2256452e+002
  1.5001613e+002  3.2604839e+002
  2.7775806e+002  3.3882258e+002
  2.8704839e+002  3.5740323e+002
  3.7472581e+002  3.5391935e+002
