  2.0169355e+002  3.4346774e+002
  1.5175806e+002  2.5811290e+002
  1.6859677e+002  1.3211290e+002
  2.5975806e+002  9.7854839e+001
  3.1782258e+002  1.2224194e+002
  3.3582258e+002  1.5011290e+002
  3.5788710e+002  1.3327419e+002
  3.0911290e+002  8.3919355e+001
  3.3872581e+002  1.2500000e+001
  3.5091935e+002  1.4241935e+001
  4.2233871e+002  5.2564516e+001
  3.9272581e+002  8.7403226e+001
  4.0201613e+002  8.0435484e+001
  3.9795161e+002  1.0540323e+002
  4.0782258e+002  9.7274194e+001
  3.3640323e+002  2.0004839e+002
  3.7008065e+002  1.7566129e+002
  3.4337097e+002  2.1862903e+002
  3.7646774e+002  1.9191935e+002
  3.2769355e+002  2.6450000e+002
  3.7937097e+002  2.2501613e+002
  3.3291935e+002  2.8250000e+002
  3.8517742e+002  2.4417742e+002
  2.0808065e+002  2.2675806e+002
  2.6672581e+002  2.3314516e+002
  2.0227419e+002  3.0456452e+002
  2.2608065e+002  3.0746774e+002
  3.2595161e+002  3.1443548e+002
  3.4511290e+002  3.2314516e+002
  4.5079032e+002  2.6043548e+002
