  1.9298387e+002  3.4520968e+002
  1.4595161e+002  2.5695161e+002
  1.6859677e+002  1.3153226e+002
  2.6324194e+002  9.9016129e+001
  3.2246774e+002  1.2166129e+002
  3.4104839e+002  1.5011290e+002
  3.6427419e+002  1.3443548e+002
  3.1375806e+002  8.6241935e+001
  3.4569355e+002  1.4822581e+001
  3.5962903e+002  1.5983871e+001
  4.2930645e+002  5.7790323e+001
  3.9853226e+002  9.0887097e+001
  4.0782258e+002  8.3338710e+001
  4.0375806e+002  1.0656452e+002
  4.1188710e+002  1.0191935e+002
  3.3756452e+002  2.0179032e+002
  3.7356452e+002  1.7740323e+002
  3.4395161e+002  2.1920968e+002
  3.7879032e+002  1.9540323e+002
  3.2769355e+002  2.6450000e+002
  3.7937097e+002  2.2966129e+002
  3.3291935e+002  2.8250000e+002
  3.8459677e+002  2.4882258e+002
  2.0750000e+002  2.2559677e+002
  2.6788710e+002  2.3314516e+002
  1.9820968e+002  3.0514516e+002
  2.2027419e+002  3.0862903e+002
  3.2537097e+002  3.1559677e+002
  3.4337097e+002  3.2430645e+002
  4.4846774e+002  2.6740323e+002
