  9.8919355e+001  3.6495161e+002
  8.7306452e+001  2.6101613e+002
  1.3259677e+002  1.5591935e+002
  2.4814516e+002  1.3966129e+002
  3.2246774e+002  1.5998387e+002
  3.4046774e+002  1.8495161e+002
  3.5672581e+002  1.8262903e+002
  3.0679032e+002  1.3443548e+002
  3.6137097e+002  7.4048387e+001
  3.7820968e+002  7.6951613e+001
  4.2117742e+002  1.3908065e+002
  3.9562903e+002  1.5533871e+002
  4.0027419e+002  1.5417742e+002
  3.9446774e+002  1.7740323e+002
  4.0027419e+002  1.7508065e+002
  3.1956452e+002  2.3779032e+002
  3.4569355e+002  2.3256452e+002
  3.1840323e+002  2.5753226e+002
  3.4337097e+002  2.5346774e+002
  2.9459677e+002  2.9179032e+002
  3.3408065e+002  2.8656452e+002
  2.9343548e+002  3.1269355e+002
  3.3175806e+002  3.0804839e+002
  1.6917742e+002  2.3720968e+002
  2.4291935e+002  2.4766129e+002
  1.2156452e+002  3.2140323e+002
  1.5001613e+002  3.2546774e+002
  2.7891935e+002  3.3766129e+002
  2.8588710e+002  3.5682258e+002
  3.7472581e+002  3.5217742e+002
