  9.0790323e+001  3.6553226e+002
  8.0919355e+001  2.6101613e+002
  1.2737097e+002  1.5882258e+002
  2.4233871e+002  1.4546774e+002
  3.1608065e+002  1.6462903e+002
  3.3698387e+002  1.9017742e+002
  3.5208065e+002  1.8843548e+002
  3.0504839e+002  1.4024194e+002
  3.5788710e+002  8.1016129e+001
  3.7298387e+002  8.1596774e+001
  4.1769355e+002  1.4779032e+002
  3.9098387e+002  1.6404839e+002
  3.9620968e+002  1.6288710e+002
  3.8808065e+002  1.8320968e+002
  3.9330645e+002  1.8204839e+002
  3.1491935e+002  2.4127419e+002
  3.4104839e+002  2.3837097e+002
  3.1375806e+002  2.6101613e+002
  3.3930645e+002  2.5927419e+002
  2.8937097e+002  2.9469355e+002
  3.2827419e+002  2.9179032e+002
  2.8820968e+002  3.1327419e+002
  3.2362903e+002  3.1211290e+002
  1.6279032e+002  2.3837097e+002
  2.3653226e+002  2.4998387e+002
  1.1517742e+002  3.2140323e+002
  1.4362903e+002  3.2720968e+002
  2.7253226e+002  3.4056452e+002
  2.8124194e+002  3.6030645e+002
  3.6659677e+002  3.5856452e+002
