  1.8485484e+002  3.4695161e+002
  1.4188710e+002  2.5637097e+002
  1.6743548e+002  1.3501613e+002
  2.6614516e+002  1.0133871e+002
  3.2711290e+002  1.2514516e+002
  3.4511290e+002  1.5069355e+002
  3.6601613e+002  1.3733871e+002
  3.1608065e+002  8.7983871e+001
  3.5382258e+002  1.8306452e+001
  3.6833871e+002  1.8306452e+001
  4.3453226e+002  6.3596774e+001
  4.0317742e+002  9.4370968e+001
  4.1246774e+002  8.8564516e+001
  4.0608065e+002  1.1179032e+002
  4.1711290e+002  1.0830645e+002
  3.4162903e+002  2.0237097e+002
  3.7472581e+002  1.8262903e+002
  3.4569355e+002  2.2269355e+002
  3.7937097e+002  2.0179032e+002
  3.2769355e+002  2.6624194e+002
  3.7879032e+002  2.3430645e+002
  3.3175806e+002  2.8482258e+002
  3.8227419e+002  2.5288710e+002
  2.0575806e+002  2.2559677e+002
  2.6846774e+002  2.3256452e+002
  1.9008065e+002  3.0688710e+002
  2.1504839e+002  3.0979032e+002
  3.2188710e+002  3.1617742e+002
  3.3872581e+002  3.2720968e+002
  4.4440323e+002  2.7553226e+002
