  1.9240323e+002  3.4404839e+002
  1.4711290e+002  2.5811290e+002
  1.6859677e+002  1.3211290e+002
  2.6382258e+002  9.8435484e+001
  3.2420968e+002  1.2166129e+002
  3.4104839e+002  1.4953226e+002
  3.6369355e+002  1.3559677e+002
  3.1317742e+002  8.5661290e+001
  3.4743548e+002  1.5403226e+001
  3.6079032e+002  1.5983871e+001
  4.3046774e+002  5.8370968e+001
  3.9853226e+002  9.1467742e+001
  4.0956452e+002  8.4500000e+001
  4.0433871e+002  1.0946774e+002
  4.1420968e+002  1.0308065e+002
  3.3698387e+002  2.0120968e+002
  3.7356452e+002  1.7740323e+002
  3.4453226e+002  2.2095161e+002
  3.7762903e+002  1.9540323e+002
  3.2827419e+002  2.6391935e+002
  3.7995161e+002  2.3024194e+002
  3.3291935e+002  2.8133871e+002
  3.8401613e+002  2.4940323e+002
  2.0691935e+002  2.2501613e+002
  2.6730645e+002  2.3256452e+002
  1.9646774e+002  3.0630645e+002
  2.2027419e+002  3.0804839e+002
  3.2420968e+002  3.1443548e+002
  3.4162903e+002  3.2546774e+002
  4.4788710e+002  2.6914516e+002
