  1.6975806e+002  3.5043548e+002
  1.3375806e+002  2.5579032e+002
  1.6395161e+002  1.3559677e+002
  2.6788710e+002  1.0656452e+002
  3.2885484e+002  1.2804839e+002
  3.5033871e+002  1.5417742e+002
  3.7066129e+002  1.4372581e+002
  3.2130645e+002  9.4951613e+001
  3.6137097e+002  2.4112903e+001
  3.7646774e+002  2.5854839e+001
  4.3743548e+002  7.6370968e+001
  4.0724194e+002  1.0250000e+002
  4.1653226e+002  9.8435484e+001
  4.0956452e+002  1.2340323e+002
  4.1769355e+002  1.1933871e+002
  3.4046774e+002  2.0759677e+002
  3.7356452e+002  1.9075806e+002
  3.4453226e+002  2.2617742e+002
  3.7588710e+002  2.0933871e+002
  3.2304839e+002  2.6914516e+002
  3.7472581e+002  2.4185484e+002
  3.2653226e+002  2.8946774e+002
  3.7646774e+002  2.6333871e+002
  1.9995161e+002  2.2733871e+002
  2.6498387e+002  2.3372581e+002
  1.8020968e+002  3.1037097e+002
  2.0517742e+002  3.1211290e+002
  3.1666129e+002  3.1908065e+002
  3.3175806e+002  3.3301613e+002
  4.3453226e+002  2.8946774e+002
