  1.1691935e+002  3.6146774e+002
  1.0124194e+002  2.5985484e+002
  1.4072581e+002  1.5011290e+002
  2.5627419e+002  1.2920968e+002
  3.2653226e+002  1.5011290e+002
  3.4395161e+002  1.7566129e+002
  3.6369355e+002  1.7217742e+002
  3.1375806e+002  1.2340323e+002
  3.6601613e+002  6.0112903e+001
  3.8111290e+002  6.0112903e+001
  4.2872581e+002  1.2282258e+002
  4.0143548e+002  1.4024194e+002
  4.0898387e+002  1.3850000e+002
  4.0201613e+002  1.6056452e+002
  4.0782258e+002  1.5940323e+002
  3.2827419e+002  2.2791935e+002
  3.5498387e+002  2.2037097e+002
  3.2653226e+002  2.4824194e+002
  3.5498387e+002  2.4069355e+002
  3.0562903e+002  2.8250000e+002
  3.4685484e+002  2.7437097e+002
  3.0562903e+002  3.0456452e+002
  3.4569355e+002  2.9469355e+002
  1.7846774e+002  2.3314516e+002
  2.4930645e+002  2.4301613e+002
  1.3724194e+002  3.1850000e+002
  1.6395161e+002  3.2140323e+002
  2.8879032e+002  3.3243548e+002
  2.9982258e+002  3.4985484e+002
  3.9214516e+002  3.3591935e+002
