  1.1227419e+002  3.6262903e+002
  9.6016129e+001  2.5869355e+002
  1.4072581e+002  1.5185484e+002
  2.5337097e+002  1.3153226e+002
  3.2595161e+002  1.5359677e+002
  3.4337097e+002  1.7856452e+002
  3.6253226e+002  1.7566129e+002
  3.1259677e+002  1.2688710e+002
  3.6427419e+002  6.4177419e+001
  3.8169355e+002  6.5338710e+001
  4.2872581e+002  1.2746774e+002
  4.0027419e+002  1.4546774e+002
  4.0608065e+002  1.4430645e+002
  3.9911290e+002  1.6520968e+002
  4.0550000e+002  1.6404839e+002
  3.2479032e+002  2.3082258e+002
  3.5266129e+002  2.2443548e+002
  3.2304839e+002  2.4940323e+002
  3.5208065e+002  2.4650000e+002
  3.0156452e+002  2.8598387e+002
  3.4337097e+002  2.7727419e+002
  3.0098387e+002  3.0804839e+002
  3.4162903e+002  2.9759677e+002
  1.7614516e+002  2.3372581e+002
  2.4640323e+002  2.4359677e+002
  1.3027419e+002  3.1966129e+002
  1.6046774e+002  3.2372581e+002
  2.8762903e+002  3.3650000e+002
  2.9517742e+002  3.5159677e+002
  3.8750000e+002  3.4056452e+002
