  1.6801613e+002  3.5101613e+002
  1.3375806e+002  2.5753226e+002
  1.6337097e+002  1.3617742e+002
  2.6730645e+002  1.0540323e+002
  3.3001613e+002  1.2746774e+002
  3.5091935e+002  1.5533871e+002
  3.7066129e+002  1.4314516e+002
  3.2130645e+002  9.4370968e+001
  3.6137097e+002  2.5854839e+001
  3.7530645e+002  2.6435484e+001
  4.3859677e+002  7.5209677e+001
  4.0840323e+002  1.0191935e+002
  4.1653226e+002  9.9596774e+001
  4.0956452e+002  1.2456452e+002
  4.1827419e+002  1.2050000e+002
  3.4104839e+002  2.0759677e+002
  3.7472581e+002  1.9191935e+002
  3.4279032e+002  2.2733871e+002
  3.7588710e+002  2.0991935e+002
  3.2479032e+002  2.6914516e+002
  3.7472581e+002  2.4243548e+002
  3.2653226e+002  2.9062903e+002
  3.7646774e+002  2.6450000e+002
  2.0053226e+002  2.2617742e+002
  2.6498387e+002  2.3314516e+002
  1.7904839e+002  3.1095161e+002
  2.0343548e+002  3.1327419e+002
  3.1782258e+002  3.1966129e+002
  3.3175806e+002  3.3243548e+002
  4.3569355e+002  2.9120968e+002
