  2.0343548e+002  3.4172581e+002
  1.5175806e+002  2.5869355e+002
  1.6917742e+002  1.3153226e+002
  2.5975806e+002  9.7854839e+001
  3.1840323e+002  1.2224194e+002
  3.3466129e+002  1.5127419e+002
  3.5730645e+002  1.3153226e+002
  3.0679032e+002  8.3919355e+001
  3.3640323e+002  1.3080645e+001
  3.4975806e+002  1.3080645e+001
  4.2059677e+002  5.1983871e+001
  3.9040323e+002  8.4500000e+001
  4.0143548e+002  7.7532258e+001
  3.9562903e+002  1.0366129e+002
  4.0724194e+002  9.6112903e+001
  3.3466129e+002  2.0004839e+002
  3.7008065e+002  1.7391935e+002
  3.4162903e+002  2.1804839e+002
  3.7704839e+002  1.9191935e+002
  3.2595161e+002  2.6508065e+002
  3.7995161e+002  2.2443548e+002
  3.3408065e+002  2.8133871e+002
  3.8575806e+002  2.4243548e+002
  2.0808065e+002  2.2675806e+002
  2.6614516e+002  2.3372581e+002
  2.0401613e+002  3.0398387e+002
  2.2724194e+002  3.0746774e+002
  3.2711290e+002  3.1501613e+002
  3.4569355e+002  3.2256452e+002
  4.5079032e+002  2.5869355e+002
