  1.2795161e+002  3.6088710e+002
  1.0762903e+002  2.5869355e+002
  1.4653226e+002  1.4720968e+002
  2.5917742e+002  1.2398387e+002
  3.2885484e+002  1.4314516e+002
  3.4801613e+002  1.7043548e+002
  3.6659677e+002  1.6462903e+002
  3.1840323e+002  1.1585484e+002
  3.6659677e+002  5.1403226e+001
  3.8227419e+002  5.1403226e+001
  4.3279032e+002  1.1179032e+002
  4.0491935e+002  1.3153226e+002
  4.1130645e+002  1.2979032e+002
  4.0608065e+002  1.5301613e+002
  4.1304839e+002  1.5185484e+002
  3.3233871e+002  2.2269355e+002
  3.5962903e+002  2.1456452e+002
  3.3350000e+002  2.4417742e+002
  3.5962903e+002  2.3488710e+002
  3.1027419e+002  2.8133871e+002
  3.5382258e+002  2.6624194e+002
  3.1085484e+002  3.0166129e+002
  3.5324194e+002  2.8888710e+002
  1.8369355e+002  2.3140323e+002
  2.5395161e+002  2.4127419e+002
  1.4537097e+002  3.1733871e+002
  1.7440323e+002  3.1966129e+002
  2.9633871e+002  3.2953226e+002
  3.0737097e+002  3.4637097e+002
  4.0201613e+002  3.2662903e+002
