  1.6162903e+002  3.5333871e+002
  1.2853226e+002  2.5811290e+002
  1.6220968e+002  1.3733871e+002
  2.6730645e+002  1.1004839e+002
  3.3233871e+002  1.3095161e+002
  3.5033871e+002  1.5591935e+002
  3.7124194e+002  1.4720968e+002
  3.2188710e+002  9.7854839e+001
  3.6427419e+002  2.9919355e+001
  3.7879032e+002  2.9919355e+001
  4.3975806e+002  8.2177419e+001
  4.0840323e+002  1.0830645e+002
  4.1653226e+002  1.0482258e+002
  4.1072581e+002  1.2746774e+002
  4.1827419e+002  1.2514516e+002
  3.3988710e+002  2.0991935e+002
  3.7240323e+002  1.9366129e+002
  3.4220968e+002  2.2966129e+002
  3.7472581e+002  2.1398387e+002
  3.2188710e+002  2.7030645e+002
  3.7240323e+002  2.4591935e+002
  3.2479032e+002  2.9237097e+002
  3.7356452e+002  2.6798387e+002
  1.9820968e+002  2.2791935e+002
  2.6498387e+002  2.3546774e+002
  1.7382258e+002  3.1095161e+002
  1.9937097e+002  3.1385484e+002
  3.1375806e+002  3.2082258e+002
  3.2769355e+002  3.3417742e+002
  4.3046774e+002  2.9643548e+002
