  1.1343548e+002  3.6262903e+002
  9.6016129e+001  2.5985484e+002
  1.4014516e+002  1.5127419e+002
  2.5337097e+002  1.3153226e+002
  3.2537097e+002  1.5301613e+002
  3.4511290e+002  1.7798387e+002
  3.6079032e+002  1.7391935e+002
  3.1259677e+002  1.2514516e+002
  3.6485484e+002  6.3016129e+001
  3.8053226e+002  6.4177419e+001
  4.2988710e+002  1.2572581e+002
  4.0085484e+002  1.4372581e+002
  4.0608065e+002  1.4256452e+002
  4.0143548e+002  1.6404839e+002
  4.0782258e+002  1.6346774e+002
  3.2479032e+002  2.2850000e+002
  3.5498387e+002  2.2385484e+002
  3.2420968e+002  2.4940323e+002
  3.5091935e+002  2.4359677e+002
  3.0156452e+002  2.8540323e+002
  3.4395161e+002  2.7611290e+002
  3.0272581e+002  3.0630645e+002
  3.4279032e+002  2.9759677e+002
  1.7614516e+002  2.3430645e+002
  2.4872581e+002  2.4301613e+002
  1.3259677e+002  3.1791935e+002
  1.6220968e+002  3.2140323e+002
  2.8820968e+002  3.3301613e+002
  2.9866129e+002  3.5159677e+002
  3.8808065e+002  3.4056452e+002
