  1.3840323e+002  3.6030645e+002
  1.1459677e+002  2.5927419e+002
  1.5175806e+002  1.4198387e+002
  2.6324194e+002  1.1875806e+002
  3.3175806e+002  1.4024194e+002
  3.5033871e+002  1.6520968e+002
  3.6891935e+002  1.5708065e+002
  3.1956452e+002  1.1120968e+002
  3.6717742e+002  4.4435484e+001
  3.8285484e+002  4.6177419e+001
  4.3801613e+002  1.0366129e+002
  4.0724194e+002  1.2514516e+002
  4.1479032e+002  1.2224194e+002
  4.0724194e+002  1.4256452e+002
  4.1595161e+002  1.4140323e+002
  3.3582258e+002  2.1804839e+002
  3.6601613e+002  2.0701613e+002
  3.3698387e+002  2.3837097e+002
  3.6543548e+002  2.2791935e+002
  3.1375806e+002  2.7495161e+002
  3.5904839e+002  2.6101613e+002
  3.1608065e+002  2.9759677e+002
  3.5788710e+002  2.8133871e+002
  1.8891935e+002  2.3024194e+002
  2.5859677e+002  2.3779032e+002
  1.5582258e+002  3.1617742e+002
  1.8137097e+002  3.1733871e+002
  3.0272581e+002  3.2720968e+002
  3.1491935e+002  3.4230645e+002
  4.1188710e+002  3.1791935e+002
