  2.0285484e+002  3.4288710e+002
  1.5059677e+002  2.5811290e+002
  1.6917742e+002  1.3153226e+002
  2.5917742e+002  9.8435484e+001
  3.1840323e+002  1.2224194e+002
  3.3582258e+002  1.5127419e+002
  3.5904839e+002  1.3269355e+002
  3.0737097e+002  8.3919355e+001
  3.3756452e+002  1.3080645e+001
  3.5091935e+002  1.3080645e+001
  4.2117742e+002  5.3145161e+001
  3.9214516e+002  8.6241935e+001
  4.0085484e+002  7.9854839e+001
  3.9737097e+002  1.0424194e+002
  4.0724194e+002  9.6112903e+001
  3.3466129e+002  2.0004839e+002
  3.7124194e+002  1.7333871e+002
  3.4279032e+002  2.1804839e+002
  3.7762903e+002  1.9075806e+002
  3.2595161e+002  2.6391935e+002
  3.7879032e+002  2.2385484e+002
  3.3291935e+002  2.8075806e+002
  3.8459677e+002  2.4359677e+002
  2.0866129e+002  2.2675806e+002
  2.6672581e+002  2.3430645e+002
  2.0401613e+002  3.0456452e+002
  2.2666129e+002  3.0688710e+002
  3.2653226e+002  3.1501613e+002
  3.4453226e+002  3.2256452e+002
  4.5137097e+002  2.5927419e+002
