  1.9879032e+002  3.4404839e+002
  1.4943548e+002  2.5869355e+002
  1.6975806e+002  1.3211290e+002
  2.6150000e+002  9.9596774e+001
  3.2188710e+002  1.2224194e+002
  3.3872581e+002  1.5127419e+002
  3.6137097e+002  1.3443548e+002
  3.1027419e+002  8.3919355e+001
  3.4162903e+002  1.3661290e+001
  3.5614516e+002  1.3661290e+001
  4.2466129e+002  5.5467742e+001
  3.9562903e+002  8.7403226e+001
  4.0491935e+002  8.0435484e+001
  4.0085484e+002  1.0714516e+002
  4.1014516e+002  9.8435484e+001
  3.3814516e+002  2.0062903e+002
  3.7298387e+002  1.7624194e+002
  3.4337097e+002  2.1862903e+002
  3.7820968e+002  1.9308065e+002
  3.2711290e+002  2.6391935e+002
  3.7995161e+002  2.2791935e+002
  3.3233871e+002  2.8133871e+002
  3.8459677e+002  2.4533871e+002
  2.0808065e+002  2.2559677e+002
  2.6672581e+002  2.3314516e+002
  2.0053226e+002  3.0456452e+002
  2.2433871e+002  3.0804839e+002
  3.2479032e+002  3.1385484e+002
  3.4453226e+002  3.2314516e+002
  4.4962903e+002  2.6450000e+002
