  1.0762903e+002  3.6379032e+002
  9.3112903e+001  2.6159677e+002
  1.3666129e+002  1.5417742e+002
  2.5162903e+002  1.3559677e+002
  3.2246774e+002  1.5533871e+002
  3.4220968e+002  1.8088710e+002
  3.5962903e+002  1.7856452e+002
  3.0969355e+002  1.2979032e+002
  3.6253226e+002  6.8241935e+001
  3.7762903e+002  7.0564516e+001
  4.2582258e+002  1.3153226e+002
  3.9853226e+002  1.5011290e+002
  4.0259677e+002  1.4837097e+002
  3.9679032e+002  1.6985484e+002
  4.0201613e+002  1.6985484e+002
  3.2304839e+002  2.3314516e+002
  3.4917742e+002  2.2791935e+002
  3.2304839e+002  2.5346774e+002
  3.4685484e+002  2.4882258e+002
  2.9866129e+002  2.8830645e+002
  3.3872581e+002  2.8133871e+002
  2.9691935e+002  3.0862903e+002
  3.3698387e+002  3.0224194e+002
  1.7324194e+002  2.3604839e+002
  2.4466129e+002  2.4475806e+002
  1.2853226e+002  3.1966129e+002
  1.5466129e+002  3.2372581e+002
  2.8414516e+002  3.3650000e+002
  2.9111290e+002  3.5566129e+002
  3.8169355e+002  3.4462903e+002
