  1.9995161e+002  3.4288710e+002
  1.5059677e+002  2.5811290e+002
  1.6917742e+002  1.3211290e+002
  2.6150000e+002  9.9016129e+001
  3.2014516e+002  1.2108065e+002
  3.3756452e+002  1.4953226e+002
  3.5962903e+002  1.3385484e+002
  3.1027419e+002  8.4500000e+001
  3.4046774e+002  1.3661290e+001
  3.5382258e+002  1.3661290e+001
  4.2291935e+002  5.3145161e+001
  3.9446774e+002  8.7983871e+001
  4.0375806e+002  8.1596774e+001
  4.0027419e+002  1.0482258e+002
  4.1072581e+002  9.8435484e+001
  3.3698387e+002  2.0062903e+002
  3.7298387e+002  1.7566129e+002
  3.4279032e+002  2.1862903e+002
  3.7704839e+002  1.9191935e+002
  3.2653226e+002  2.6391935e+002
  3.7937097e+002  2.2501613e+002
  3.3175806e+002  2.8250000e+002
  3.8401613e+002  2.4417742e+002
  2.0808065e+002  2.2617742e+002
  2.6730645e+002  2.3372581e+002
  2.0285484e+002  3.0572581e+002
  2.2491935e+002  3.0746774e+002
  3.2595161e+002  3.1501613e+002
  3.4453226e+002  3.2372581e+002
  4.5079032e+002  2.6275806e+002
