  1.7614516e+002  3.4927419e+002
  1.3666129e+002  2.5695161e+002
  1.6511290e+002  1.3327419e+002
  2.6672581e+002  1.0424194e+002
  3.2885484e+002  1.2572581e+002
  3.4743548e+002  1.5359677e+002
  3.6950000e+002  1.4024194e+002
  3.1898387e+002  9.2629032e+001
  3.5788710e+002  2.1209677e+001
  3.7356452e+002  2.2951613e+001
  4.3685484e+002  7.0564516e+001
  4.0608065e+002  9.9016129e+001
  4.1537097e+002  9.3790323e+001
  4.0956452e+002  1.1933871e+002
  4.1827419e+002  1.1411290e+002
  3.4046774e+002  2.0469355e+002
  3.7414516e+002  1.8611290e+002
  3.4453226e+002  2.2443548e+002
  3.7820968e+002  2.0701613e+002
  3.2595161e+002  2.6798387e+002
  3.7704839e+002  2.3837097e+002
  3.2943548e+002  2.8540323e+002
  3.7937097e+002  2.5869355e+002
  2.0285484e+002  2.2675806e+002
  2.6788710e+002  2.3372581e+002
  1.8427419e+002  3.0804839e+002
  2.0982258e+002  3.1095161e+002
  3.1956452e+002  3.1850000e+002
  3.3524194e+002  3.3069355e+002
  4.3975806e+002  2.8482258e+002
