  1.1575806e+002  3.6262903e+002
  1.0182258e+002  2.5927419e+002
  1.4014516e+002  1.5011290e+002
  2.5511290e+002  1.2979032e+002
  3.2653226e+002  1.5185484e+002
  3.4511290e+002  1.7566129e+002
  3.6137097e+002  1.7159677e+002
  3.1375806e+002  1.2340323e+002
  3.6659677e+002  6.0693548e+001
  3.8169355e+002  6.2435484e+001
  4.2988710e+002  1.2398387e+002
  4.0143548e+002  1.4198387e+002
  4.0840323e+002  1.3966129e+002
  3.9969355e+002  1.6230645e+002
  4.0608065e+002  1.6056452e+002
  3.2711290e+002  2.2908065e+002
  3.5440323e+002  2.2153226e+002
  3.2595161e+002  2.4998387e+002
  3.5266129e+002  2.4185484e+002
  3.0272581e+002  2.8424194e+002
  3.4453226e+002  2.7379032e+002
  3.0446774e+002  3.0572581e+002
  3.4337097e+002  2.9527419e+002
  1.7672581e+002  2.3314516e+002
  2.5046774e+002  2.4243548e+002
  1.3491935e+002  3.1791935e+002
  1.6453226e+002  3.2314516e+002
  2.8937097e+002  3.3243548e+002
  2.9866129e+002  3.5159677e+002
  3.9156452e+002  3.3650000e+002
