  1.4014516e+002  3.5856452e+002
  1.1691935e+002  2.5695161e+002
  1.5291935e+002  1.4256452e+002
  2.6382258e+002  1.1817742e+002
  3.3233871e+002  1.3908065e+002
  3.5033871e+002  1.6637097e+002
  3.6891935e+002  1.5766129e+002
  3.2130645e+002  1.0888710e+002
  3.6833871e+002  4.4435484e+001
  3.8285484e+002  4.3854839e+001
  4.3859677e+002  1.0191935e+002
  4.0898387e+002  1.2398387e+002
  4.1537097e+002  1.2050000e+002
  4.0898387e+002  1.4546774e+002
  4.1653226e+002  1.4314516e+002
  3.3640323e+002  2.1804839e+002
  3.6717742e+002  2.0701613e+002
  3.3640323e+002  2.3953226e+002
  3.6717742e+002  2.2791935e+002
  3.1550000e+002  2.7727419e+002
  3.6079032e+002  2.5927419e+002
  3.1724194e+002  2.9701613e+002
  3.6020968e+002  2.8075806e+002
  1.8891935e+002  2.3082258e+002
  2.5859677e+002  2.3895161e+002
  1.5582258e+002  3.1559677e+002
  1.8195161e+002  3.1850000e+002
  3.0388710e+002  3.2546774e+002
  3.1491935e+002  3.4288710e+002
  4.1304839e+002  3.1733871e+002
