  1.4537097e+002  3.5740323e+002
  1.1866129e+002  2.5811290e+002
  1.5466129e+002  1.4256452e+002
  2.6382258e+002  1.1701613e+002
  3.3117742e+002  1.3733871e+002
  3.5033871e+002  1.6230645e+002
  3.6891935e+002  1.5301613e+002
  3.2130645e+002  1.0540323e+002
  3.6659677e+002  3.8629032e+001
  3.8227419e+002  4.0951613e+001
  4.3801613e+002  9.5532258e+001
  4.0840323e+002  1.1875806e+002
  4.1595161e+002  1.1585484e+002
  4.1014516e+002  1.3908065e+002
  4.1711290e+002  1.3675806e+002
  3.3698387e+002  2.1514516e+002
  3.6891935e+002  2.0295161e+002
  3.3930645e+002  2.3546774e+002
  3.7008065e+002  2.2327419e+002
  3.1840323e+002  2.7495161e+002
  3.6427419e+002  2.5520968e+002
  3.1956452e+002  2.9585484e+002
  3.6543548e+002  2.7785484e+002
  1.9182258e+002  2.2850000e+002
  2.5975806e+002  2.3604839e+002
  1.6162903e+002  3.1327419e+002
  1.8775806e+002  3.1675806e+002
  3.0562903e+002  3.2430645e+002
  3.1898387e+002  3.4114516e+002
  4.1885484e+002  3.1095161e+002
