  9.6016129e+001  3.6553226e+002
  8.4403226e+001  2.6101613e+002
  1.2911290e+002  1.5708065e+002
  2.4466129e+002  1.4314516e+002
  3.1898387e+002  1.6288710e+002
  3.3756452e+002  1.8785484e+002
  3.5556452e+002  1.8553226e+002
  3.0620968e+002  1.3617742e+002
  3.5962903e+002  7.5790323e+001
  3.7704839e+002  7.8693548e+001
  4.2117742e+002  1.4430645e+002
  3.9098387e+002  1.5940323e+002
  3.9795161e+002  1.5824194e+002
  3.9098387e+002  1.8088710e+002
  3.9620968e+002  1.8088710e+002
  3.1782258e+002  2.3895161e+002
  3.4220968e+002  2.3662903e+002
  3.1666129e+002  2.5927419e+002
  3.4046774e+002  2.5753226e+002
  2.9053226e+002  2.9295161e+002
  3.2885484e+002  2.8772581e+002
  2.9169355e+002  3.1327419e+002
  3.2711290e+002  3.1153226e+002
  1.6685484e+002  2.3720968e+002
  2.3943548e+002  2.4882258e+002
  1.1691935e+002  3.2140323e+002
  1.4595161e+002  3.2720968e+002
  2.7543548e+002  3.3940323e+002
  2.8240323e+002  3.5740323e+002
  3.7124194e+002  3.5508065e+002
