  8.6145161e+001  3.6553226e+002
  7.9177419e+001  2.6159677e+002
  1.2504839e+002  1.5824194e+002
  2.4117742e+002  1.4779032e+002
  3.1433871e+002  1.6695161e+002
  3.3291935e+002  1.9250000e+002
  3.5033871e+002  1.9075806e+002
  3.0156452e+002  1.4314516e+002
  3.5614516e+002  8.5080645e+001
  3.7356452e+002  8.6822581e+001
  4.1537097e+002  1.5185484e+002
  3.8808065e+002  1.6579032e+002
  3.9330645e+002  1.6579032e+002
  3.8633871e+002  1.8785484e+002
  3.9330645e+002  1.8785484e+002
  3.1259677e+002  2.4243548e+002
  3.3872581e+002  2.4127419e+002
  3.1027419e+002  2.6391935e+002
  3.3466129e+002  2.6275806e+002
  2.8646774e+002  2.9469355e+002
  3.2420968e+002  2.9411290e+002
  2.8646774e+002  3.1617742e+002
  3.2072581e+002  3.1501613e+002
  1.6104839e+002  2.3895161e+002
  2.3537097e+002  2.5114516e+002
  1.0879032e+002  3.2372581e+002
  1.3840323e+002  3.2837097e+002
  2.7079032e+002  3.4172581e+002
  2.7717742e+002  3.6204839e+002
  3.6137097e+002  3.6320968e+002
