  1.9588710e+002  3.4404839e+002
  1.4885484e+002  2.5869355e+002
  1.6917742e+002  1.3153226e+002
  2.6266129e+002  1.0017742e+002
  3.2130645e+002  1.2224194e+002
  3.4046774e+002  1.4895161e+002
  3.6195161e+002  1.3327419e+002
  3.1259677e+002  8.5661290e+001
  3.4395161e+002  1.4241935e+001
  3.5788710e+002  1.4241935e+001
  4.2872581e+002  5.6629032e+001
  3.9737097e+002  8.9145161e+001
  4.0666129e+002  8.2177419e+001
  4.0259677e+002  1.0656452e+002
  4.1188710e+002  1.0191935e+002
  3.3814516e+002  2.0120968e+002
  3.7298387e+002  1.7740323e+002
  3.4337097e+002  2.1862903e+002
  3.7704839e+002  1.9482258e+002
  3.2653226e+002  2.6508065e+002
  3.7937097e+002  2.2791935e+002
  3.3291935e+002  2.8250000e+002
  3.8401613e+002  2.4766129e+002
  2.0750000e+002  2.2501613e+002
  2.6672581e+002  2.3314516e+002
  1.9820968e+002  3.0630645e+002
  2.2085484e+002  3.0804839e+002
  3.2537097e+002  3.1385484e+002
  3.4337097e+002  3.2430645e+002
  4.4962903e+002  2.6624194e+002
