  1.0820968e+002  3.6379032e+002
  9.3112903e+001  2.6101613e+002
  1.3608065e+002  1.5243548e+002
  2.5162903e+002  1.3443548e+002
  3.2304839e+002  1.5475806e+002
  3.4220968e+002  1.8146774e+002
  3.6020968e+002  1.7856452e+002
  3.1143548e+002  1.2804839e+002
  3.6253226e+002  6.6500000e+001
  3.7879032e+002  6.9403226e+001
  4.2640323e+002  1.3095161e+002
  3.9853226e+002  1.4837097e+002
  4.0491935e+002  1.4662903e+002
  3.9853226e+002  1.6869355e+002
  4.0375806e+002  1.6869355e+002
  3.2304839e+002  2.3314516e+002
  3.5091935e+002  2.2733871e+002
  3.2246774e+002  2.5288710e+002
  3.4917742e+002  2.4824194e+002
  2.9924194e+002  2.8830645e+002
  3.4046774e+002  2.7901613e+002
  2.9866129e+002  3.0804839e+002
  3.3756452e+002  3.0108065e+002
  1.7440323e+002  2.3604839e+002
  2.4350000e+002  2.4417742e+002
  1.2795161e+002  3.2024194e+002
  1.5698387e+002  3.2430645e+002
  2.8472581e+002  3.3475806e+002
  2.9401613e+002  3.5391935e+002
  3.8459677e+002  3.4346774e+002
