  1.4537097e+002  3.5624194e+002
  1.1808065e+002  2.5869355e+002
  1.5524194e+002  1.4082258e+002
  2.6440323e+002  1.1643548e+002
  3.3175806e+002  1.3617742e+002
  3.5033871e+002  1.6404839e+002
  3.6950000e+002  1.5591935e+002
  3.2014516e+002  1.0598387e+002
  3.6717742e+002  3.9209677e+001
  3.8169355e+002  4.0951613e+001
  4.3627419e+002  9.5532258e+001
  4.0898387e+002  1.1933871e+002
  4.1595161e+002  1.1701613e+002
  4.1014516e+002  1.4024194e+002
  4.1595161e+002  1.3675806e+002
  3.3582258e+002  2.1514516e+002
  3.6717742e+002  2.0353226e+002
  3.3814516e+002  2.3779032e+002
  3.6775806e+002  2.2327419e+002
  3.1782258e+002  2.7495161e+002
  3.6311290e+002  2.5695161e+002
  3.1840323e+002  2.9527419e+002
  3.6369355e+002  2.7901613e+002
  1.9008065e+002  2.2908065e+002
  2.6150000e+002  2.3720968e+002
  1.5988710e+002  3.1385484e+002
  1.8601613e+002  3.1675806e+002
  3.0504839e+002  3.2604839e+002
  3.1956452e+002  3.4056452e+002
  4.1827419e+002  3.1153226e+002
