  1.2156452e+002  3.6262903e+002
  1.0066129e+002  2.5927419e+002
  1.4304839e+002  1.4837097e+002
  2.5801613e+002  1.2572581e+002
  3.2943548e+002  1.4837097e+002
  3.4859677e+002  1.7450000e+002
  3.6311290e+002  1.6811290e+002
  3.1608065e+002  1.1933871e+002
  3.6775806e+002  5.5467742e+001
  3.8227419e+002  5.7209677e+001
  4.3279032e+002  1.1875806e+002
  4.0317742e+002  1.3850000e+002
  4.1014516e+002  1.3733871e+002
  4.0317742e+002  1.5766129e+002
  4.0840323e+002  1.5591935e+002
  3.3117742e+002  2.2675806e+002
  3.5730645e+002  2.1920968e+002
  3.3001613e+002  2.4533871e+002
  3.5788710e+002  2.3837097e+002
  3.0795161e+002  2.8366129e+002
  3.4917742e+002  2.7088710e+002
  3.0737097e+002  3.0282258e+002
  3.4917742e+002  2.9179032e+002
  1.7962903e+002  2.3314516e+002
  2.5220968e+002  2.4185484e+002
  1.4014516e+002  3.1733871e+002
  1.6801613e+002  3.2082258e+002
  2.9227419e+002  3.3069355e+002
  3.0214516e+002  3.4811290e+002
  3.9504839e+002  3.3301613e+002
