  1.9704839e+002  3.4288710e+002
  1.4827419e+002  2.5753226e+002
  1.6801613e+002  1.3211290e+002
  2.6208065e+002  9.9016129e+001
  3.2130645e+002  1.2282258e+002
  3.3756452e+002  1.5069355e+002
  3.6020968e+002  1.3443548e+002
  3.1085484e+002  8.3919355e+001
  3.4337097e+002  1.4241935e+001
  3.5672581e+002  1.4241935e+001
  4.2582258e+002  5.4887097e+001
  3.9620968e+002  8.7983871e+001
  4.0491935e+002  8.2758065e+001
  4.0085484e+002  1.0714516e+002
  4.1072581e+002  1.0133871e+002
  3.3640323e+002  2.0179032e+002
  3.7298387e+002  1.7624194e+002
  3.4337097e+002  2.1862903e+002
  3.7820968e+002  1.9424194e+002
  3.2653226e+002  2.6333871e+002
  3.8053226e+002  2.2733871e+002
  3.3291935e+002  2.8133871e+002
  3.8517742e+002  2.4533871e+002
  2.0808065e+002  2.2617742e+002
  2.6730645e+002  2.3198387e+002
  1.9937097e+002  3.0456452e+002
  2.2201613e+002  3.0804839e+002
  3.2479032e+002  3.1443548e+002
  3.4395161e+002  3.2430645e+002
  4.4904839e+002  2.6624194e+002
