  1.5001613e+002  3.5566129e+002
  1.2272581e+002  2.5869355e+002
  1.5814516e+002  1.4082258e+002
  2.6614516e+002  1.1411290e+002
  3.3233871e+002  1.3501613e+002
  3.4975806e+002  1.5998387e+002
  3.7066129e+002  1.5359677e+002
  3.2072581e+002  1.0366129e+002
  3.6659677e+002  3.5145161e+001
  3.8111290e+002  3.6306452e+001
  4.3917742e+002  9.0887097e+001
  4.0782258e+002  1.1411290e+002
  4.1595161e+002  1.1120968e+002
  4.0898387e+002  1.3501613e+002
  4.1711290e+002  1.3269355e+002
  3.3872581e+002  2.1456452e+002
  3.6891935e+002  2.0004839e+002
  3.3930645e+002  2.3256452e+002
  3.7008065e+002  2.1979032e+002
  3.1840323e+002  2.7379032e+002
  3.6543548e+002  2.5404839e+002
  3.2130645e+002  2.9295161e+002
  3.6717742e+002  2.7437097e+002
  1.9472581e+002  2.2850000e+002
  2.6091935e+002  2.3662903e+002
  1.6511290e+002  3.1269355e+002
  1.9182258e+002  3.1501613e+002
  3.0795161e+002  3.2430645e+002
  3.2304839e+002  3.3882258e+002
  4.2291935e+002  3.0630645e+002
