  1.6627419e+002  3.5275806e+002
  1.3259677e+002  2.5753226e+002
  1.6337097e+002  1.3675806e+002
  2.6672581e+002  1.0656452e+002
  3.3059677e+002  1.2862903e+002
  3.4917742e+002  1.5475806e+002
  3.7008065e+002  1.4604839e+002
  3.1956452e+002  9.5532258e+001
  3.6253226e+002  2.7596774e+001
  3.7646774e+002  2.7596774e+001
  4.3917742e+002  7.7532258e+001
  4.0840323e+002  1.0482258e+002
  4.1595161e+002  1.0191935e+002
  4.1014516e+002  1.2456452e+002
  4.1943548e+002  1.2108065e+002
  3.4220968e+002  2.0817742e+002
  3.7298387e+002  1.9191935e+002
  3.4279032e+002  2.2791935e+002
  3.7472581e+002  2.1108065e+002
  3.2304839e+002  2.6856452e+002
  3.7240323e+002  2.4359677e+002
  3.2653226e+002  2.8888710e+002
  3.7356452e+002  2.6450000e+002
  1.9879032e+002  2.2617742e+002
  2.6498387e+002  2.3488710e+002
  1.7788710e+002  3.1153226e+002
  1.9995161e+002  3.1153226e+002
  3.1491935e+002  3.1908065e+002
  3.3059677e+002  3.3359677e+002
  4.3279032e+002  2.9237097e+002
