  1.3433871e+002  3.6030645e+002
  1.1169355e+002  2.5927419e+002
  1.5117742e+002  1.4430645e+002
  2.6091935e+002  1.2166129e+002
  3.3059677e+002  1.4082258e+002
  3.4801613e+002  1.6753226e+002
  3.6775806e+002  1.6172581e+002
  3.2014516e+002  1.1179032e+002
  3.6891935e+002  4.6177419e+001
  3.8285484e+002  4.7919355e+001
  4.3743548e+002  1.0772581e+002
  4.0608065e+002  1.2746774e+002
  4.1420968e+002  1.2456452e+002
  4.0782258e+002  1.4720968e+002
  4.1537097e+002  1.4546774e+002
  3.3466129e+002  2.2037097e+002
  3.6369355e+002  2.0991935e+002
  3.3350000e+002  2.4185484e+002
  3.6427419e+002  2.3082258e+002
  3.1201613e+002  2.7843548e+002
  3.5788710e+002  2.6275806e+002
  3.1375806e+002  2.9875806e+002
  3.5846774e+002  2.8540323e+002
  1.8717742e+002  2.2966129e+002
  2.5743548e+002  2.3895161e+002
  1.5175806e+002  3.1617742e+002
  1.7846774e+002  3.1908065e+002
  3.0040323e+002  3.2779032e+002
  3.1201613e+002  3.4404839e+002
  4.1014516e+002  3.2024194e+002
