  1.9240323e+002  3.4520968e+002
  1.4595161e+002  2.5695161e+002
  1.6917742e+002  1.3153226e+002
  2.6440323e+002  9.9016129e+001
  3.2188710e+002  1.2224194e+002
  3.4220968e+002  1.5127419e+002
  3.6485484e+002  1.3617742e+002
  3.1433871e+002  8.6822581e+001
  3.4859677e+002  1.5403226e+001
  3.6195161e+002  1.4822581e+001
  4.2988710e+002  5.9532258e+001
  3.9969355e+002  9.0306452e+001
  4.0956452e+002  8.4500000e+001
  4.0317742e+002  1.0830645e+002
  4.1479032e+002  1.0366129e+002
  3.3814516e+002  2.0120968e+002
  3.7356452e+002  1.7798387e+002
  3.4453226e+002  2.1979032e+002
  3.7820968e+002  1.9598387e+002
  3.2711290e+002  2.6508065e+002
  3.7995161e+002  2.2908065e+002
  3.3291935e+002  2.8250000e+002
  3.8401613e+002  2.4824194e+002
  2.0633871e+002  2.2559677e+002
  2.6788710e+002  2.3140323e+002
  1.9588710e+002  3.0572581e+002
  2.1853226e+002  3.0862903e+002
  3.2420968e+002  3.1617742e+002
  3.4279032e+002  3.2546774e+002
  4.4788710e+002  2.7030645e+002
