  1.8891935e+002  3.4579032e+002
  1.4479032e+002  2.5811290e+002
  1.6917742e+002  1.3269355e+002
  2.6614516e+002  1.0191935e+002
  3.2479032e+002  1.2224194e+002
  3.4337097e+002  1.5185484e+002
  3.6717742e+002  1.3675806e+002
  3.1491935e+002  8.6822581e+001
  3.5091935e+002  1.6564516e+001
  3.6543548e+002  1.7145161e+001
  4.3046774e+002  6.1274194e+001
  4.0143548e+002  9.1467742e+001
  4.0956452e+002  8.6822581e+001
  4.0550000e+002  1.1004839e+002
  4.1479032e+002  1.0482258e+002
  3.4104839e+002  2.0179032e+002
  3.7298387e+002  1.8030645e+002
  3.4453226e+002  2.2095161e+002
  3.7762903e+002  1.9772581e+002
  3.2653226e+002  2.6333871e+002
  3.7879032e+002  2.3140323e+002
  3.3233871e+002  2.8482258e+002
  3.8401613e+002  2.5114516e+002
  2.0633871e+002  2.2501613e+002
  2.6730645e+002  2.3256452e+002
  1.9472581e+002  3.0688710e+002
  2.1911290e+002  3.0862903e+002
  3.2188710e+002  3.1559677e+002
  3.4220968e+002  3.2720968e+002
  4.4556452e+002  2.7204839e+002
