  1.8717742e+002  3.4637097e+002
  1.4246774e+002  2.5695161e+002
  1.6685484e+002  1.3385484e+002
  2.6614516e+002  1.0133871e+002
  3.2653226e+002  1.2340323e+002
  3.4569355e+002  1.4895161e+002
  3.6427419e+002  1.3675806e+002
  3.1666129e+002  8.8564516e+001
  3.5150000e+002  1.7145161e+001
  3.6543548e+002  1.7145161e+001
  4.3279032e+002  6.3016129e+001
  4.0317742e+002  9.3790323e+001
  4.1130645e+002  8.7983871e+001
  4.0782258e+002  1.1120968e+002
  4.1653226e+002  1.0772581e+002
  3.4046774e+002  2.0237097e+002
  3.7414516e+002  1.8320968e+002
  3.4511290e+002  2.2153226e+002
  3.7762903e+002  1.9946774e+002
  3.2711290e+002  2.6566129e+002
  3.7937097e+002  2.3256452e+002
  3.3233871e+002  2.8366129e+002
  3.8285484e+002  2.5346774e+002
  2.0575806e+002  2.2617742e+002
  2.6730645e+002  2.3256452e+002
  1.9298387e+002  3.0688710e+002
  2.1620968e+002  3.0979032e+002
  3.2304839e+002  3.1559677e+002
  3.3872581e+002  3.2662903e+002
  4.4498387e+002  2.7495161e+002
