  8.3241935e+001  3.6727419e+002
  7.7435484e+001  2.6391935e+002
  1.2214516e+002  1.5882258e+002
  2.3943548e+002  1.4953226e+002
  3.1375806e+002  1.6985484e+002
  3.3291935e+002  1.9424194e+002
  3.4975806e+002  1.9308065e+002
  3.0040323e+002  1.4604839e+002
  3.5440323e+002  8.7983871e+001
  3.7008065e+002  8.7983871e+001
  4.1479032e+002  1.5650000e+002
  3.8750000e+002  1.6869355e+002
  3.9272581e+002  1.6869355e+002
  3.8401613e+002  1.9017742e+002
  3.9156452e+002  1.8959677e+002
  3.1085484e+002  2.4417742e+002
  3.3524194e+002  2.4417742e+002
  3.0911290e+002  2.6624194e+002
  3.3408065e+002  2.6624194e+002
  2.8530645e+002  2.9701613e+002
  3.2304839e+002  2.9585484e+002
  2.8414516e+002  3.1850000e+002
  3.2130645e+002  3.1733871e+002
  1.6104839e+002  2.4069355e+002
  2.3304839e+002  2.5230645e+002
  1.0879032e+002  3.2430645e+002
  1.3724194e+002  3.2837097e+002
  2.7137097e+002  3.4404839e+002
  2.7659677e+002  3.6204839e+002
  3.5846774e+002  3.6611290e+002
