  1.2911290e+002  3.5972581e+002
  1.0937097e+002  2.5811290e+002
  1.4943548e+002  1.4662903e+002
  2.6033871e+002  1.2340323e+002
  3.2943548e+002  1.4488710e+002
  3.4801613e+002  1.7101613e+002
  3.6601613e+002  1.6462903e+002
  3.1724194e+002  1.1469355e+002
  3.6717742e+002  5.0241935e+001
  3.8401613e+002  5.1983871e+001
  4.3627419e+002  1.1062903e+002
  4.0433871e+002  1.3153226e+002
  4.1304839e+002  1.2862903e+002
  4.0550000e+002  1.5127419e+002
  4.1304839e+002  1.4953226e+002
  3.3291935e+002  2.2269355e+002
  3.6137097e+002  2.1340323e+002
  3.3350000e+002  2.4417742e+002
  3.6137097e+002  2.3488710e+002
  3.1027419e+002  2.8017742e+002
  3.5440323e+002  2.6566129e+002
  3.1201613e+002  3.0108065e+002
  3.5440323e+002  2.8772581e+002
  1.8485484e+002  2.3198387e+002
  2.5395161e+002  2.4011290e+002
  1.4885484e+002  3.1617742e+002
  1.7498387e+002  3.1966129e+002
  2.9808065e+002  3.2837097e+002
  3.0737097e+002  3.4579032e+002
  4.0433871e+002  3.2604839e+002
