  1.9937097e+002  3.4404839e+002
  1.5059677e+002  2.5927419e+002
  1.6975806e+002  1.3095161e+002
  2.6150000e+002  9.6693548e+001
  3.1956452e+002  1.2224194e+002
  3.3756452e+002  1.5127419e+002
  3.6020968e+002  1.3385484e+002
  3.1085484e+002  8.3919355e+001
  3.4162903e+002  1.1919355e+001
  3.5440323e+002  1.2500000e+001
  4.2582258e+002  5.4887097e+001
  3.9388710e+002  8.6822581e+001
  4.0375806e+002  8.1596774e+001
  3.9911290e+002  1.0598387e+002
  4.1014516e+002  9.9596774e+001
  3.3698387e+002  2.0179032e+002
  3.7240323e+002  1.7508065e+002
  3.4337097e+002  2.1804839e+002
  3.7879032e+002  1.9424194e+002
  3.2711290e+002  2.6391935e+002
  3.7937097e+002  2.2617742e+002
  3.3350000e+002  2.8308065e+002
  3.8517742e+002  2.4533871e+002
  2.0750000e+002  2.2559677e+002
  2.6730645e+002  2.3372581e+002
  2.0169355e+002  3.0456452e+002
  2.2491935e+002  3.0804839e+002
  3.2537097e+002  3.1443548e+002
  3.4453226e+002  3.2488710e+002
  4.4904839e+002  2.6275806e+002
