  9.3112903e+001  3.6553226e+002
  8.2080645e+001  2.6159677e+002
  1.2853226e+002  1.5650000e+002
  2.4582258e+002  1.4256452e+002
  3.1840323e+002  1.6288710e+002
  3.3582258e+002  1.8785484e+002
  3.5498387e+002  1.8785484e+002
  3.0620968e+002  1.3850000e+002
  3.5846774e+002  8.1016129e+001
  3.7588710e+002  8.0435484e+001
  4.1943548e+002  1.4546774e+002
  3.9214516e+002  1.6114516e+002
  3.9737097e+002  1.6056452e+002
  3.9040323e+002  1.8204839e+002
  3.9679032e+002  1.8030645e+002
  3.1724194e+002  2.4011290e+002
  3.4162903e+002  2.3779032e+002
  3.1550000e+002  2.5927419e+002
  3.4104839e+002  2.5811290e+002
  2.9053226e+002  2.9353226e+002
  3.2943548e+002  2.9004839e+002
  2.8995161e+002  3.1327419e+002
  3.2711290e+002  3.1037097e+002
  1.6627419e+002  2.3895161e+002
  2.3827419e+002  2.4824194e+002
  1.1750000e+002  3.2256452e+002
  1.4595161e+002  3.2779032e+002
  2.7485484e+002  3.3998387e+002
  2.8414516e+002  3.5972581e+002
  3.6833871e+002  3.5566129e+002
