  1.5814516e+002  3.5333871e+002
  1.2679032e+002  2.5927419e+002
  1.6046774e+002  1.3850000e+002
  2.6672581e+002  1.1179032e+002
  3.3233871e+002  1.3211290e+002
  3.4975806e+002  1.5940323e+002
  3.6950000e+002  1.4953226e+002
  3.2188710e+002  1.0017742e+002
  3.6485484e+002  3.1080645e+001
  3.7995161e+002  3.2822581e+001
  4.4033871e+002  8.5661290e+001
  4.0840323e+002  1.1004839e+002
  4.1595161e+002  1.0540323e+002
  4.1014516e+002  1.3095161e+002
  4.1827419e+002  1.2746774e+002
  3.3872581e+002  2.1166129e+002
  3.7182258e+002  1.9540323e+002
  3.4104839e+002  2.3140323e+002
  3.7298387e+002  2.1572581e+002
  3.2130645e+002  2.7204839e+002
  3.7008065e+002  2.4998387e+002
  3.2304839e+002  2.9179032e+002
  3.7298387e+002  2.7030645e+002
  1.9704839e+002  2.2791935e+002
  2.6266129e+002  2.3430645e+002
  1.7033871e+002  3.1153226e+002
  1.9646774e+002  3.1443548e+002
  3.1201613e+002  3.2140323e+002
  3.2595161e+002  3.3766129e+002
  4.2872581e+002  2.9991935e+002
