  1.8950000e+002  3.4637097e+002
  1.4595161e+002  2.5695161e+002
  1.6859677e+002  1.3269355e+002
  2.6324194e+002  1.0017742e+002
  3.2479032e+002  1.2224194e+002
  3.4279032e+002  1.5127419e+002
  3.6601613e+002  1.3617742e+002
  3.1608065e+002  8.7983871e+001
  3.4917742e+002  1.5983871e+001
  3.6311290e+002  1.5983871e+001
  4.3104839e+002  6.0112903e+001
  4.0143548e+002  8.9145161e+001
  4.0956452e+002  8.5661290e+001
  4.0550000e+002  1.0946774e+002
  4.1420968e+002  1.0482258e+002
  3.3988710e+002  2.0237097e+002
  3.7414516e+002  1.8030645e+002
  3.4395161e+002  2.1862903e+002
  3.7762903e+002  1.9830645e+002
  3.2769355e+002  2.6508065e+002
  3.7879032e+002  2.3140323e+002
  3.3233871e+002  2.8424194e+002
  3.8401613e+002  2.4998387e+002
  2.0691935e+002  2.2617742e+002
  2.6788710e+002  2.3140323e+002
  1.9472581e+002  3.0630645e+002
  2.1795161e+002  3.0979032e+002
  3.2304839e+002  3.1617742e+002
  3.4104839e+002  3.2662903e+002
  4.4614516e+002  2.7204839e+002
