  2.0111290e+002  3.4404839e+002
  1.5001613e+002  2.5695161e+002
  1.6917742e+002  1.3211290e+002
  2.6091935e+002  9.9016129e+001
  3.2014516e+002  1.2224194e+002
  3.3582258e+002  1.5011290e+002
  3.6079032e+002  1.3327419e+002
  3.1143548e+002  8.4500000e+001
  3.4046774e+002  1.3661290e+001
  3.5150000e+002  1.3661290e+001
  4.2291935e+002  5.3145161e+001
  3.9446774e+002  8.7403226e+001
  4.0201613e+002  7.9854839e+001
  3.9911290e+002  1.0598387e+002
  4.0898387e+002  9.8435484e+001
  3.3640323e+002  2.0062903e+002
  3.7066129e+002  1.7566129e+002
  3.4220968e+002  2.1920968e+002
  3.7762903e+002  1.9366129e+002
  3.2595161e+002  2.6450000e+002
  3.7879032e+002  2.2617742e+002
  3.3233871e+002  2.8191935e+002
  3.8517742e+002  2.4417742e+002
  2.0808065e+002  2.2617742e+002
  2.6672581e+002  2.3314516e+002
  2.0343548e+002  3.0514516e+002
  2.2550000e+002  3.0746774e+002
  3.2595161e+002  3.1443548e+002
  3.4511290e+002  3.2372581e+002
  4.4962903e+002  2.6159677e+002
