  8.0919355e+001  3.6611290e+002
  7.5112903e+001  2.6159677e+002
  1.2214516e+002  1.6114516e+002
  2.4001613e+002  1.4953226e+002
  3.1317742e+002  1.7043548e+002
  3.3233871e+002  1.9482258e+002
  3.4743548e+002  1.9482258e+002
  2.9924194e+002  1.4488710e+002
  3.5556452e+002  8.7983871e+001
  3.7182258e+002  9.0887097e+001
  4.1420968e+002  1.5533871e+002
  3.8575806e+002  1.7101613e+002
  3.9156452e+002  1.7043548e+002
  3.8343548e+002  1.9075806e+002
  3.8866129e+002  1.9075806e+002
  3.1085484e+002  2.4708065e+002
  3.3466129e+002  2.4417742e+002
  3.0737097e+002  2.6508065e+002
  3.3291935e+002  2.6566129e+002
  2.8472581e+002  2.9643548e+002
  3.2304839e+002  2.9643548e+002
  2.8240323e+002  3.1908065e+002
  3.1782258e+002  3.1908065e+002
  1.5872581e+002  2.4011290e+002
  2.3188710e+002  2.5056452e+002
  1.0762903e+002  3.2314516e+002
  1.3491935e+002  3.2837097e+002
  2.6672581e+002  3.4346774e+002
  2.7369355e+002  3.6320968e+002
  3.5846774e+002  3.6611290e+002
