  1.0298387e+002  3.6495161e+002
  9.0790323e+001  2.6101613e+002
  1.3491935e+002  1.5417742e+002
  2.4988710e+002  1.3850000e+002
  3.2130645e+002  1.5591935e+002
  3.4046774e+002  1.8030645e+002
  3.5730645e+002  1.7972581e+002
  3.1201613e+002  1.3095161e+002
  3.6253226e+002  7.0564516e+001
  3.7762903e+002  7.1145161e+001
  4.2524194e+002  1.3501613e+002
  3.9562903e+002  1.5185484e+002
  4.0143548e+002  1.5069355e+002
  3.9562903e+002  1.7275806e+002
  4.0085484e+002  1.7159677e+002
  3.2188710e+002  2.3546774e+002
  3.4917742e+002  2.3024194e+002
  3.2014516e+002  2.5404839e+002
  3.4743548e+002  2.5114516e+002
  2.9633871e+002  2.8946774e+002
  3.3640323e+002  2.8308065e+002
  2.9691935e+002  3.1037097e+002
  3.3291935e+002  3.0398387e+002
  1.7033871e+002  2.3488710e+002
  2.4350000e+002  2.4591935e+002
  1.2446774e+002  3.2198387e+002
  1.5350000e+002  3.2546774e+002
  2.8124194e+002  3.3766129e+002
  2.9053226e+002  3.5508065e+002
  3.8053226e+002  3.4695161e+002
