  1.2388710e+002  3.6262903e+002
  1.0588710e+002  2.5927419e+002
  1.4537097e+002  1.4720968e+002
  2.5801613e+002  1.2456452e+002
  3.2827419e+002  1.4662903e+002
  3.4685484e+002  1.7159677e+002
  3.6543548e+002  1.6753226e+002
  3.1550000e+002  1.1817742e+002
  3.6601613e+002  5.4887097e+001
  3.8285484e+002  5.6048387e+001
  4.3279032e+002  1.1469355e+002
  4.0375806e+002  1.3733871e+002
  4.1014516e+002  1.3385484e+002
  4.0608065e+002  1.5533871e+002
  4.1130645e+002  1.5417742e+002
  3.3059677e+002  2.2443548e+002
  3.5904839e+002  2.1688710e+002
  3.3175806e+002  2.4591935e+002
  3.5904839e+002  2.3837097e+002
  3.0737097e+002  2.8250000e+002
  3.5150000e+002  2.6972581e+002
  3.0853226e+002  3.0282258e+002
  3.4975806e+002  2.9062903e+002
  1.8195161e+002  2.3256452e+002
  2.5337097e+002  2.4069355e+002
  1.4188710e+002  3.1733871e+002
  1.7033871e+002  3.2140323e+002
  2.9343548e+002  3.3127419e+002
  3.0446774e+002  3.4811290e+002
  3.9969355e+002  3.3011290e+002
