  1.8311290e+002  3.4811290e+002
  1.4188710e+002  2.5869355e+002
  1.6801613e+002  1.3327419e+002
  2.6672581e+002  1.0250000e+002
  3.2827419e+002  1.2398387e+002
  3.4627419e+002  1.5185484e+002
  3.6891935e+002  1.3850000e+002
  3.1666129e+002  8.8564516e+001
  3.5498387e+002  1.8887097e+001
  3.6833871e+002  1.8887097e+001
  4.3395161e+002  6.5338710e+001
  4.0550000e+002  9.4951613e+001
  4.1304839e+002  9.0306452e+001
  4.0724194e+002  1.1353226e+002
  4.1595161e+002  1.0888710e+002
  3.3930645e+002  2.0295161e+002
  3.7530645e+002  1.8262903e+002
  3.4569355e+002  2.2153226e+002
  3.7820968e+002  2.0179032e+002
  3.2653226e+002  2.6624194e+002
  3.7937097e+002  2.3314516e+002
  3.3175806e+002  2.8366129e+002
  3.8285484e+002  2.5346774e+002
  2.0517742e+002  2.2559677e+002
  2.6788710e+002  2.3314516e+002
  1.9124194e+002  3.0746774e+002
  2.1388710e+002  3.0979032e+002
  3.2362903e+002  3.1733871e+002
  3.3872581e+002  3.2720968e+002
  4.4440323e+002  2.7611290e+002
