  1.6337097e+002  3.5217742e+002
  1.3027419e+002  2.5811290e+002
  1.6220968e+002  1.3791935e+002
  2.6614516e+002  1.1004839e+002
  3.3059677e+002  1.2979032e+002
  3.4975806e+002  1.5708065e+002
  3.7008065e+002  1.4604839e+002
  3.1956452e+002  9.7854839e+001
  3.6369355e+002  2.8758065e+001
  3.7704839e+002  2.8758065e+001
  4.3801613e+002  8.0435484e+001
  4.0898387e+002  1.0656452e+002
  4.1537097e+002  1.0366129e+002
  4.1130645e+002  1.2688710e+002
  4.1827419e+002  1.2398387e+002
  3.4046774e+002  2.0991935e+002
  3.7240323e+002  1.9191935e+002
  3.4220968e+002  2.3198387e+002
  3.7472581e+002  2.1514516e+002
  3.2362903e+002  2.7030645e+002
  3.7124194e+002  2.4475806e+002
  3.2479032e+002  2.9120968e+002
  3.7472581e+002  2.6798387e+002
  1.9762903e+002  2.2675806e+002
  2.6498387e+002  2.3488710e+002
  1.7382258e+002  3.1153226e+002
  2.0053226e+002  3.1443548e+002
  3.1491935e+002  3.2198387e+002
  3.2885484e+002  3.3359677e+002
  4.3104839e+002  2.9701613e+002
