  1.5698387e+002  3.5391935e+002
  1.2504839e+002  2.5579032e+002
  1.5988710e+002  1.3966129e+002
  2.6498387e+002  1.1179032e+002
  3.3117742e+002  1.3211290e+002
  3.4975806e+002  1.5940323e+002
  3.7066129e+002  1.4953226e+002
  3.2130645e+002  9.9016129e+001
  3.6427419e+002  3.2822581e+001
  3.7995161e+002  3.3403226e+001
  4.3917742e+002  8.5661290e+001
  4.0956452e+002  1.1004839e+002
  4.1595161e+002  1.0714516e+002
  4.1072581e+002  1.3095161e+002
  4.1885484e+002  1.2804839e+002
  3.4046774e+002  2.1108065e+002
  3.7124194e+002  1.9656452e+002
  3.4104839e+002  2.3082258e+002
  3.7182258e+002  2.1630645e+002
  3.2130645e+002  2.7204839e+002
  3.6891935e+002  2.4998387e+002
  3.2362903e+002  2.9179032e+002
  3.6891935e+002  2.6972581e+002
  1.9588710e+002  2.2791935e+002
  2.6266129e+002  2.3546774e+002
  1.7033871e+002  3.1153226e+002
  1.9588710e+002  3.1385484e+002
  3.1143548e+002  3.2198387e+002
  3.2537097e+002  3.3708065e+002
  4.2640323e+002  3.0050000e+002
