  1.0240323e+002  3.6495161e+002
  9.0209677e+001  2.6159677e+002
  1.3433871e+002  1.5417742e+002
  2.5104839e+002  1.3675806e+002
  3.2130645e+002  1.5940323e+002
  3.3988710e+002  1.8320968e+002
  3.5846774e+002  1.8030645e+002
  3.0795161e+002  1.3269355e+002
  3.6137097e+002  7.1725806e+001
  3.7879032e+002  7.2887097e+001
  4.2350000e+002  1.3791935e+002
  3.9562903e+002  1.5359677e+002
  4.0201613e+002  1.5243548e+002
  3.9562903e+002  1.7450000e+002
  4.0143548e+002  1.7275806e+002
  3.2130645e+002  2.3430645e+002
  3.4685484e+002  2.3082258e+002
  3.1956452e+002  2.5579032e+002
  3.4569355e+002  2.5230645e+002
  2.9633871e+002  2.9062903e+002
  3.3524194e+002  2.8366129e+002
  2.9517742e+002  3.0979032e+002
  3.3466129e+002  3.0514516e+002
  1.6917742e+002  2.3662903e+002
  2.4233871e+002  2.4650000e+002
  1.2446774e+002  3.2024194e+002
  1.5175806e+002  3.2430645e+002
  2.8124194e+002  3.3650000e+002
  2.9111290e+002  3.5682258e+002
  3.7704839e+002  3.4869355e+002
