  1.3375806e+002  3.6030645e+002
  1.1227419e+002  2.5753226e+002
  1.4943548e+002  1.4488710e+002
  2.6150000e+002  1.2166129e+002
  3.3117742e+002  1.4256452e+002
  3.4859677e+002  1.6753226e+002
  3.6833871e+002  1.5940323e+002
  3.1840323e+002  1.1295161e+002
  3.6717742e+002  4.7919355e+001
  3.8227419e+002  4.8500000e+001
  4.3511290e+002  1.0656452e+002
  4.0666129e+002  1.2979032e+002
  4.1420968e+002  1.2688710e+002
  4.0840323e+002  1.4895161e+002
  4.1304839e+002  1.4779032e+002
  3.3408065e+002  2.2095161e+002
  3.6311290e+002  2.1050000e+002
  3.3466129e+002  2.4069355e+002
  3.6137097e+002  2.3082258e+002
  3.1317742e+002  2.7727419e+002
  3.5730645e+002  2.6450000e+002
  3.1259677e+002  2.9991935e+002
  3.5672581e+002  2.8598387e+002
  1.8659677e+002  2.3140323e+002
  2.5569355e+002  2.3837097e+002
  1.5059677e+002  3.1675806e+002
  1.7788710e+002  3.1908065e+002
  2.9982258e+002  3.2837097e+002
  3.1143548e+002  3.4404839e+002
  4.0782258e+002  3.2314516e+002
