  9.1951613e+001  3.6611290e+002
  8.2080645e+001  2.6101613e+002
  1.2853226e+002  1.5824194e+002
  2.4350000e+002  1.4198387e+002
  3.1840323e+002  1.6520968e+002
  3.3640323e+002  1.9017742e+002
  3.5324194e+002  1.8843548e+002
  3.0446774e+002  1.3908065e+002
  3.5846774e+002  8.0435484e+001
  3.7530645e+002  8.2177419e+001
  4.1943548e+002  1.4604839e+002
  3.8982258e+002  1.6056452e+002
  3.9620968e+002  1.6056452e+002
  3.8982258e+002  1.8204839e+002
  3.9562903e+002  1.8204839e+002
  3.1491935e+002  2.4069355e+002
  3.4046774e+002  2.3837097e+002
  3.1375806e+002  2.6101613e+002
  3.3872581e+002  2.5811290e+002
  2.8995161e+002  2.9237097e+002
  3.2943548e+002  2.9004839e+002
  2.8879032e+002  3.1443548e+002
  3.2595161e+002  3.1211290e+002
  1.6395161e+002  2.3895161e+002
  2.3711290e+002  2.4940323e+002
  1.1459677e+002  3.2198387e+002
  1.4362903e+002  3.2604839e+002
  2.7369355e+002  3.4114516e+002
  2.8182258e+002  3.5972581e+002
  3.6950000e+002  3.5798387e+002
