  1.0995161e+002  3.6437097e+002
  9.6016129e+001  2.6043548e+002
  1.3782258e+002  1.5185484e+002
  2.5337097e+002  1.3211290e+002
  3.2479032e+002  1.5301613e+002
  3.4511290e+002  1.8030645e+002
  3.6020968e+002  1.7624194e+002
  3.1143548e+002  1.2746774e+002
  3.6311290e+002  6.4758065e+001
  3.7879032e+002  6.6500000e+001
  4.2872581e+002  1.2804839e+002
  3.9853226e+002  1.4779032e+002
  4.0491935e+002  1.4546774e+002
  3.9911290e+002  1.6811290e+002
  4.0491935e+002  1.6695161e+002
  3.2420968e+002  2.3082258e+002
  3.5150000e+002  2.2501613e+002
  3.2479032e+002  2.5114516e+002
  3.5150000e+002  2.4591935e+002
  2.9924194e+002  2.8540323e+002
  3.4104839e+002  2.7727419e+002
  2.9982258e+002  3.0630645e+002
  3.3988710e+002  2.9991935e+002
  1.7556452e+002  2.3488710e+002
  2.4640323e+002  2.4533871e+002
  1.3085484e+002  3.1966129e+002
  1.5872581e+002  3.2430645e+002
  2.8646774e+002  3.3417742e+002
  2.9459677e+002  3.5333871e+002
  3.8517742e+002  3.4172581e+002
