  1.8195161e+002  3.4811290e+002
  1.4072581e+002  2.5695161e+002
  1.6743548e+002  1.3385484e+002
  2.6672581e+002  1.0133871e+002
  3.2885484e+002  1.2456452e+002
  3.4569355e+002  1.5127419e+002
  3.6833871e+002  1.3791935e+002
  3.1782258e+002  9.0306452e+001
  3.5498387e+002  1.8887097e+001
  3.6775806e+002  2.0048387e+001
  4.3337097e+002  6.5338710e+001
  4.0491935e+002  9.6693548e+001
  4.1304839e+002  9.0306452e+001
  4.0782258e+002  1.1411290e+002
  4.1595161e+002  1.1120968e+002
  3.4104839e+002  2.0295161e+002
  3.7414516e+002  1.8320968e+002
  3.4569355e+002  2.2153226e+002
  3.7879032e+002  2.0120968e+002
  3.2711290e+002  2.6624194e+002
  3.7879032e+002  2.3488710e+002
  3.3117742e+002  2.8598387e+002
  3.8053226e+002  2.5346774e+002
  2.0517742e+002  2.2617742e+002
  2.6672581e+002  2.3140323e+002
  1.8775806e+002  3.0862903e+002
  2.1330645e+002  3.1037097e+002
  3.2130645e+002  3.1850000e+002
  3.3872581e+002  3.2895161e+002
  4.4324194e+002  2.7727419e+002
