  1.6395161e+002  3.5159677e+002
  1.3143548e+002  2.5869355e+002
  1.6337097e+002  1.3733871e+002
  2.6730645e+002  1.0946774e+002
  3.3117742e+002  1.2920968e+002
  3.4975806e+002  1.5650000e+002
  3.7008065e+002  1.4662903e+002
  3.2014516e+002  9.6693548e+001
  3.6369355e+002  2.6435484e+001
  3.7820968e+002  2.7016129e+001
  4.3975806e+002  8.1016129e+001
  4.0898387e+002  1.0714516e+002
  4.1769355e+002  1.0366129e+002
  4.0956452e+002  1.2746774e+002
  4.1943548e+002  1.2456452e+002
  3.4104839e+002  2.0875806e+002
  3.7298387e+002  1.9308065e+002
  3.4337097e+002  2.2908065e+002
  3.7414516e+002  2.1340323e+002
  3.2304839e+002  2.6972581e+002
  3.7124194e+002  2.4475806e+002
  3.2653226e+002  2.8946774e+002
  3.7356452e+002  2.6682258e+002
  1.9937097e+002  2.2733871e+002
  2.6556452e+002  2.3430645e+002
  1.7556452e+002  3.1037097e+002
  2.0053226e+002  3.1327419e+002
  3.1375806e+002  3.1966129e+002
  3.2943548e+002  3.3475806e+002
  4.3220968e+002  2.9527419e+002
