  8.7887097e+001  3.6553226e+002
  7.8596774e+001  2.6159677e+002
  1.2737097e+002  1.5940323e+002
  2.4233871e+002  1.4604839e+002
  3.1666129e+002  1.6811290e+002
  3.3350000e+002  1.9191935e+002
  3.4975806e+002  1.9133871e+002
  3.0504839e+002  1.4256452e+002
  3.5556452e+002  8.2758065e+001
  3.7356452e+002  8.5661290e+001
  4.1420968e+002  1.5127419e+002
  3.8866129e+002  1.6637097e+002
  3.9388710e+002  1.6579032e+002
  3.8750000e+002  1.8727419e+002
  3.9272581e+002  1.8553226e+002
  3.1433871e+002  2.4475806e+002
  3.3988710e+002  2.4069355e+002
  3.1143548e+002  2.6333871e+002
  3.3698387e+002  2.6217742e+002
  2.8704839e+002  2.9411290e+002
  3.2595161e+002  2.9353226e+002
  2.8704839e+002  3.1675806e+002
  3.2304839e+002  3.1443548e+002
  1.6162903e+002  2.3837097e+002
  2.3479032e+002  2.4882258e+002
  1.1111290e+002  3.2314516e+002
  1.4130645e+002  3.2720968e+002
  2.7020968e+002  3.4056452e+002
  2.7891935e+002  3.6262903e+002
  3.6195161e+002  3.6204839e+002
