  1.8891935e+002  3.4520968e+002
  1.4479032e+002  2.5753226e+002
  1.6627419e+002  1.3153226e+002
  2.6614516e+002  1.0075806e+002
  3.2595161e+002  1.2340323e+002
  3.4395161e+002  1.5069355e+002
  3.6601613e+002  1.3559677e+002
  3.1491935e+002  8.8564516e+001
  3.5208065e+002  1.5983871e+001
  3.6543548e+002  1.6564516e+001
  4.3220968e+002  6.1854839e+001
  4.0085484e+002  9.3209677e+001
  4.1072581e+002  8.7403226e+001
  4.0608065e+002  1.1179032e+002
  4.1595161e+002  1.0656452e+002
  3.3930645e+002  2.0120968e+002
  3.7472581e+002  1.7914516e+002
  3.4569355e+002  2.2095161e+002
  3.7820968e+002  2.0004839e+002
  3.2769355e+002  2.6450000e+002
  3.7995161e+002  2.3256452e+002
  3.3350000e+002  2.8424194e+002
  3.8285484e+002  2.5114516e+002
  2.0750000e+002  2.2501613e+002
  2.6788710e+002  2.3198387e+002
  1.9298387e+002  3.0688710e+002
  2.1853226e+002  3.0920968e+002
  3.2304839e+002  3.1675806e+002
  3.4104839e+002  3.2779032e+002
  4.4788710e+002  2.7320968e+002
