  1.3201613e+002  3.6030645e+002
  1.0820968e+002  2.5811290e+002
  1.5001613e+002  1.4662903e+002
  2.5975806e+002  1.2340323e+002
  3.3059677e+002  1.4430645e+002
  3.4917742e+002  1.6927419e+002
  3.6717742e+002  1.6404839e+002
  3.1724194e+002  1.1469355e+002
  3.6775806e+002  4.9080645e+001
  3.8169355e+002  4.9661290e+001
  4.3511290e+002  1.1004839e+002
  4.0433871e+002  1.3095161e+002
  4.1246774e+002  1.2862903e+002
  4.0724194e+002  1.5127419e+002
  4.1420968e+002  1.5011290e+002
  3.3291935e+002  2.2095161e+002
  3.6195161e+002  2.1224194e+002
  3.3291935e+002  2.4243548e+002
  3.6253226e+002  2.3256452e+002
  3.1259677e+002  2.8017742e+002
  3.5556452e+002  2.6624194e+002
  3.1317742e+002  3.0050000e+002
  3.5498387e+002  2.8946774e+002
  1.8601613e+002  2.2966129e+002
  2.5511290e+002  2.3953226e+002
  1.4769355e+002  3.1675806e+002
  1.7556452e+002  3.1850000e+002
  2.9750000e+002  3.3011290e+002
  3.0969355e+002  3.4520968e+002
  4.0491935e+002  3.2430645e+002
