  1.4769355e+002  3.5624194e+002
  1.2098387e+002  2.5869355e+002
  1.5640323e+002  1.4082258e+002
  2.6440323e+002  1.1643548e+002
  3.3175806e+002  1.3559677e+002
  3.4917742e+002  1.6288710e+002
  3.7008065e+002  1.5359677e+002
  3.2014516e+002  1.0482258e+002
  3.6543548e+002  3.8048387e+001
  3.8169355e+002  3.8629032e+001
  4.3917742e+002  9.3790323e+001
  4.0840323e+002  1.1875806e+002
  4.1595161e+002  1.1527419e+002
  4.1072581e+002  1.3791935e+002
  4.1653226e+002  1.3501613e+002
  3.3756452e+002  2.1572581e+002
  3.6717742e+002  2.0179032e+002
  3.3988710e+002  2.3488710e+002
  3.7008065e+002  2.2269355e+002
  3.1782258e+002  2.7379032e+002
  3.6485484e+002  2.5520968e+002
  3.1898387e+002  2.9469355e+002
  3.6543548e+002  2.7727419e+002
  1.9356452e+002  2.2908065e+002
  2.5975806e+002  2.3662903e+002
  1.6220968e+002  3.1385484e+002
  1.8833871e+002  3.1617742e+002
  3.0853226e+002  3.2662903e+002
  3.1782258e+002  3.3940323e+002
  4.1943548e+002  3.1037097e+002
