  8.0338710e+001  3.6611290e+002
  7.3951613e+001  2.6275806e+002
  1.2214516e+002  1.6230645e+002
  2.3885484e+002  1.5185484e+002
  3.1259677e+002  1.7043548e+002
  3.3117742e+002  1.9540323e+002
  3.4917742e+002  1.9598387e+002
  2.9808065e+002  1.4720968e+002
  3.5556452e+002  9.0306452e+001
  3.7008065e+002  9.2629032e+001
  4.1304839e+002  1.5824194e+002
  3.8575806e+002  1.7217742e+002
  3.9040323e+002  1.7159677e+002
  3.8343548e+002  1.9308065e+002
  3.8750000e+002  1.9191935e+002
  3.1201613e+002  2.4359677e+002
  3.3291935e+002  2.4475806e+002
  3.0737097e+002  2.6740323e+002
  3.3059677e+002  2.6740323e+002
  2.8414516e+002  2.9817742e+002
  3.2072581e+002  2.9817742e+002
  2.8182258e+002  3.1966129e+002
  3.1608065e+002  3.1908065e+002
  1.5698387e+002  2.4127419e+002
  2.3246774e+002  2.5346774e+002
  1.0704839e+002  3.2372581e+002
  1.3550000e+002  3.2779032e+002
  2.6672581e+002  3.4404839e+002
  2.7311290e+002  3.6437097e+002
  3.5614516e+002  3.6843548e+002
