  1.6162903e+002  3.5333871e+002
  1.2737097e+002  2.5579032e+002
  1.6104839e+002  1.3908065e+002
  2.6614516e+002  1.1120968e+002
  3.3175806e+002  1.3095161e+002
  3.5091935e+002  1.5650000e+002
  3.7298387e+002  1.4837097e+002
  3.2188710e+002  9.9596774e+001
  3.6369355e+002  3.0500000e+001
  3.7879032e+002  3.1080645e+001
  4.4033871e+002  8.3919355e+001
  4.0782258e+002  1.0830645e+002
  4.1653226e+002  1.0482258e+002
  4.1130645e+002  1.2979032e+002
  4.1885484e+002  1.2688710e+002
  3.4046774e+002  2.1050000e+002
  3.7240323e+002  1.9366129e+002
  3.4220968e+002  2.2966129e+002
  3.7356452e+002  2.1456452e+002
  3.2304839e+002  2.7088710e+002
  3.7182258e+002  2.4766129e+002
  3.2537097e+002  2.9120968e+002
  3.7240323e+002  2.6972581e+002
  1.9704839e+002  2.2617742e+002
  2.6324194e+002  2.3430645e+002
  1.7208065e+002  3.1211290e+002
  1.9879032e+002  3.1559677e+002
  3.1259677e+002  3.2198387e+002
  3.2711290e+002  3.3533871e+002
  4.2872581e+002  2.9817742e+002
