  2.0633871e+002  3.4056452e+002
  1.5408065e+002  2.5753226e+002
  1.6859677e+002  1.3211290e+002
  2.5801613e+002  9.7274194e+001
  3.1433871e+002  1.2282258e+002
  3.3233871e+002  1.5011290e+002
  3.5498387e+002  1.3211290e+002
  3.0504839e+002  8.3338710e+001
  3.3175806e+002  1.1919355e+001
  3.4569355e+002  1.2500000e+001
  4.1653226e+002  5.0241935e+001
  3.8808065e+002  8.4500000e+001
  3.9679032e+002  7.8112903e+001
  3.9388710e+002  1.0308065e+002
  4.0375806e+002  9.6112903e+001
  3.3350000e+002  2.0062903e+002
  3.6833871e+002  1.7275806e+002
  3.4046774e+002  2.1630645e+002
  3.7588710e+002  1.8959677e+002
  3.2595161e+002  2.6391935e+002
  3.7879032e+002  2.2385484e+002
  3.3350000e+002  2.8075806e+002
  3.8401613e+002  2.4127419e+002
  2.0866129e+002  2.2733871e+002
  2.6556452e+002  2.3372581e+002
  2.0633871e+002  3.0340323e+002
  2.2956452e+002  3.0630645e+002
  3.2595161e+002  3.1385484e+002
  3.4569355e+002  3.2314516e+002
  4.5195161e+002  2.5579032e+002
